1,1
2,2
3,1
4,2
5,4
6,2
7,1
8,2
9,2
10,5
11,4
12,2
13,1
14,2
15,6
16,2
17,6
18,6
19,4
20,2
21,1
22,2
23,4
24,5
25,2
26,8
27,4
28,4
29,4
30,2
31,1
32,2
33,2
34,2
35,3
36,2
37,10
38,8
39,6
40,12
41,4
42,2
43,1
44,2
45,6
46,5
47,6
48,4
49,2
50,6
51,7
52,6
53,4
54,11
55,4
56,2
57,1
58,2
59,10
60,2
61,8
62,6
63,8
64,2
65,7
66,5
67,4
68,12
69,6
70,4
71,4
72,2
73,1
74,2
75,2
76,5
77,10
78,2
79,6
80,5
81,2
82,8
83,8
84,10
85,16
86,4
87,4
88,11
89,4
90,2
91,1
92,2
93,12
94,2
95,2
96,9
97,6
98,8
99,15
100,2
101,6
102,6
103,9
104,6
105,10
106,10
107,6
108,10
109,4
110,2
111,1
112,2
113,16
114,5
115,4
116,12
117,4
118,10
119,3
120,6
121,2
122,16
123,14
124,8
125,4
126,9
127,4
128,18
129,4
130,4
131,4
132,2
133,1
134,2
135,2
136,2
137,9
138,2
139,20
140,2
141,8
142,10
143,4
144,2
145,17
146,8
147,10
148,8
149,10
150,10
151,18
152,6
153,6
154,22
155,4
156,2
157,1
158,2
159,16
160,5
161,4
162,6
163,4
164,8
165,6
166,14
167,4
168,21
169,2
170,6
171,12
172,5
173,10
174,6
175,8
176,4
177,14
178,16
179,4
180,13
181,4
182,2
183,1
184,2
185,20
186,2
187,14
188,7
189,2
190,8
191,8
192,8
193,8
194,6
195,8
196,2
197,26
198,14
199,12
200,26
201,4
202,6
203,16
204,5
205,4
206,4
207,6
208,4
209,4
210,2
211,1
212,2
213,2
214,5
215,2
216,2
217,6
218,11
219,8
220,2
221,12
222,10
223,8
224,12
225,2
226,17
227,10
228,10
229,26
230,10
231,10
232,12
233,4
234,16
235,7
236,14
237,4
238,22
239,4
240,2
241,1
242,2
243,10
244,2
245,16
246,14
247,12
248,2
249,9
250,4
251,6
252,20
253,3
254,6
255,24
256,2
257,6
258,7
259,6
260,12
261,21
262,6
263,8
264,6
265,13
266,8
267,18
268,16
269,6
270,10
271,4
272,2
273,1
274,2
275,10
276,5
277,6
278,12
279,6
280,10
281,11
282,4
283,4
284,26
285,16
286,6
287,12
288,4
289,2
290,14
291,6
292,26
293,16
294,16
295,4
296,17
297,7
298,4
299,8
300,11
301,4
302,14
303,4
304,4
305,4
306,2
307,1
308,2
309,2
310,2
311,12
312,2
313,34
314,8
315,2
316,28
317,4
318,2
319,19
320,5
321,10
322,14
323,14
324,2
325,16
326,10
327,10
328,5
329,14
330,8
331,7
332,6
333,12
334,8
335,15
336,10
337,12
338,14
339,6
340,26
341,4
342,2
343,1
344,2
345,12
346,5
347,12
348,20
349,4
350,12
351,3
352,6
353,6
354,5
355,6
356,10
357,16
358,4
359,8
360,30
361,2
362,6
363,24
364,8
365,8
366,16
367,12
368,6
369,14
370,9
371,4
372,16
373,4
374,20
375,21
376,4
377,4
378,21
379,4
380,2
381,1
382,2
383,10
384,2
385,2
386,14
387,6
388,2
389,21
390,2
391,10
392,20
393,8
394,8
395,16
396,8
397,18
398,6
399,18
400,2
401,37
402,14
403,8
404,18
405,7
406,12
407,4
408,12
409,12
410,14
411,16
412,8
413,21
414,4
415,4
416,30
417,6
418,4
419,4
420,2
421,1
422,2
423,2
424,5
425,16
426,2
427,2
428,17
429,8
430,10
431,10
432,10
433,34
434,2
435,6
436,25
437,3
438,10
439,12
440,15
441,2
442,32
443,10
444,10
445,22
446,14
447,8
448,10
449,6
450,14
451,14
452,4
453,14
454,10
455,8
456,20
457,36
458,12
459,4
460,13
461,4
462,2
463,1
464,2
465,28
466,2
467,22
468,10
469,22
470,8
471,9
472,10
473,2
474,16
475,10
476,6
477,6
478,14
479,28
480,14
481,8
482,4
483,4
484,2
485,6
486,32
487,19
488,6
489,20
490,12
491,16
492,6
493,10
494,10
495,22
496,6
497,18
498,6
499,19
500,10
501,22
502,20
503,6
504,40
505,4
506,2
507,1
508,2
509,10
510,5
511,10
512,12
513,10
514,20
515,7
516,8
517,8
518,39
519,16
520,10
521,4
522,6
523,6
524,26
525,14
526,18
527,16
528,6
529,2
530,26
531,11
532,8
533,36
534,5
535,12
536,20
537,4
538,14
539,18
540,10
541,4
542,13
543,18
544,6
545,4
546,19
547,4
548,42
549,4
550,4
551,4
552,2
553,1
554,2
555,2
556,2
557,24
558,2
559,10
560,2
561,8
562,23
563,14
564,2
565,40
566,6
567,10
568,2
569,13
570,10
571,10
572,22
573,22
574,10
575,28
576,2
577,31
578,6
579,10
580,44
581,12
582,20
583,24
584,8
585,12
586,9
587,14
588,8
589,33
590,26
591,4
592,10
593,15
594,6
595,38
596,4
597,6
598,20
599,4
600,2
601,1
602,2
603,26
604,5
605,2
606,48
607,4
608,18
609,23
610,2
611,12
612,22
613,8
614,16
615,12
616,21
617,6
618,22
619,10
620,10
621,4
622,16
623,6
624,30
625,2
626,6
627,36
628,19
629,16
630,16
631,10
632,18
633,8
634,6
635,6
636,39
637,22
638,4
639,22
640,10
641,16
642,14
643,8
644,38
645,14
646,10
647,4
648,31
649,4
650,2
651,1
652,2
653,16
654,2
655,24
656,10
657,14
658,8
659,15
660,16
661,10
662,12
663,2
664,6
665,38
666,14
667,8
668,46
669,8
670,8
671,3
672,9
673,14
674,16
675,5
676,2
677,10
678,8
679,10
680,8
681,8
682,12
683,15
684,8
685,4
686,6
687,14
688,10
689,10
690,28
691,12
692,40
693,28
694,4
695,40
696,14
697,4
698,42
699,6
700,4
701,4
702,2
703,1
704,2
705,2
706,5
707,12
708,2
709,8
710,14
711,2
712,46
713,6
714,10
715,14
716,8
717,10
718,14
719,13
720,2
721,12
722,26
723,16
724,52
725,8
726,24
727,9
728,4
729,2
730,11
731,18
732,6
733,10
734,7
735,10
736,22
737,32
738,10
739,44
740,12
741,8
742,37
743,4
744,22
745,30
746,11
747,10
748,12
749,4
750,4
751,13
752,10
753,4
754,18
755,4
756,2
757,1
758,2
759,18
760,2
761,24
762,20
763,2
764,2
765,4
766,11
767,4
768,44
769,11
770,2
771,4
772,8
773,20
774,12
775,6
776,10
777,18
778,14
779,14
780,18
781,21
782,8
783,38
784,2
785,6
786,28
787,12
788,8
789,6
790,5
791,10
792,12
793,29
794,6
795,44
796,12
797,14
798,24
799,10
800,6
801,17
802,10
803,18
804,12
805,14
806,22
807,26
808,10
809,6
810,14
811,4
812,2
813,1
814,2
815,48
816,5
817,16
818,10
819,6
820,30
821,4
822,12
823,8
824,23
825,8
826,4
827,26
828,17
829,4
830,46
831,4
832,16
833,40
834,20
835,12
836,19
837,8
838,6
839,8
840,28
841,2
842,24
843,10
844,18
845,8
846,16
847,8
848,15
849,16
850,18
851,4
852,25
853,8
854,46
855,8
856,4
857,54
858,12
859,4
860,42
861,4
862,8
863,8
864,22
865,4
866,4
867,4
868,4
869,4
870,2
871,1
872,2
873,2
874,2
875,2
876,2
877,42
878,8
879,8
880,2
881,24
882,2
883,32
884,5
885,2
886,14
887,16
888,10
889,60
890,2
891,34
892,19
893,6
894,8
895,5
896,28
897,8
898,16
899,19
900,2
901,22
902,22
903,8
904,14
905,8
906,8
907,33
908,10
909,10
910,8
911,17
912,8
913,6
914,16
915,10
916,30
917,22
918,10
919,27
920,16
921,18
922,8
923,21
924,14
925,16
926,32
927,6
928,36
929,4
930,2
931,1
932,2
933,34
934,5
935,6
936,32
937,6
938,16
939,9
940,22
941,20
942,8
943,32
944,4
945,18
946,19
947,10
948,10
949,10
950,30
951,6
952,8
953,10
954,5
955,3
956,4
957,16
958,32
959,4
960,60
961,2
962,6
963,6
964,12
965,20
966,13
967,18
968,18
969,18
970,14
971,20
972,6
973,28
974,18
975,48
976,6
977,4
978,5
979,7
980,8
981,18
982,17
983,16
984,8
985,4
986,24
987,17
988,26
989,4
990,49
991,4
992,2
993,1
994,2
995,12
996,2
997,26
998,26
999,28
1000,2
1001,33
1002,6
1003,4
1004,10
1005,9
1006,16
1007,56
1008,2
1009,32
1010,5
1011,14
1012,20
1013,8
1014,26
1015,10
1016,18
1017,25
1018,6
1019,50
1020,16
1021,4
1022,36
1023,4
1024,2
1025,38
1026,16
1027,22
1028,14
1029,35
1030,10
1031,32
1032,8
1033,20
1034,15
1035,4
1036,12
1037,47
1038,14
1039,12
1040,24
1041,7
1042,14
1043,26
1044,6
1045,12
1046,4
1047,20
1048,6
1049,42
1050,13
1051,4
1052,44
1053,6
1054,4
1055,4
1056,2
1057,1
1058,2
1059,2
1060,5
1061,30
1062,2
1063,10
1064,15
1065,8
1066,28
1067,2
1068,10
1069,10
1070,24
1071,6
1072,5
1073,6
1074,10
1075,38
1076,27
1077,4
1078,2
1079,6
1080,12
1081,33
1082,14
1083,12
1084,41
1085,6
1086,14
1087,8
1088,32
1089,2
1090,30
1091,26
1092,28
1093,10
1094,8
1095,8
1096,5
1097,7
1098,16
1099,32
1100,10
1101,14
1102,32
1103,16
1104,26
1105,13
1106,4
1107,6
1108,58
1109,18
1110,16
1111,14
1112,5
1113,16
1114,24
1115,8
1116,12
1117,16
1118,20
1119,4
1120,43
1121,4
1122,2
1123,1
1124,2
1125,26
1126,2
1127,26
1128,12
1129,18
1130,8
1131,19
1132,16
1133,6
1134,10
1135,28
1136,6
1137,26
1138,14
1139,2
1140,46
1141,12
1142,6
1143,36
1144,6
1145,6
1146,16
1147,25
1148,20
1149,14
1150,12
1151,18
1152,12
1153,22
1154,6
1155,25
1156,2
1157,6
1158,26
1159,17
1160,22
1161,20
1162,6
1163,12
1164,44
1165,18
1166,8
1167,51
1168,6
1169,10
1170,22
1171,12
1172,10
1173,12
1174,12
1175,18
1176,18
1177,4
1178,16
1179,17
1180,28
1181,4
1182,20
1183,21
1184,4
1185,32
1186,4
1187,6
1188,26
1189,4
1190,2
1191,1
1192,2
1193,32
1194,5
1195,2
1196,44
1197,2
1198,24
1199,30
1200,2
1201,26
1202,35
1203,10
1204,2
1205,10
1206,15
1207,10
1208,8
1209,28
1210,10
1211,28
1212,8
1213,4
1214,45
1215,13
1216,14
1217,34
1218,10
1219,10
1220,24
1221,10
1222,8
1223,9
1224,26
1225,2
1226,27
1227,24
1228,10
1229,8
1230,10
1231,22
1232,16
1233,26
1234,16
1235,26
1236,10
1237,4
1238,36
1239,18
1240,8
1241,32
1242,21
1243,4
1244,60
1245,8
1246,18
1247,16
1248,26
1249,4
1250,29
1251,18
1252,4
1253,4
1254,35
1255,4
1256,62
1257,4
1258,4
1259,4
1260,2
1261,1
1262,2
1263,2
1264,2
1265,7
1266,2
1267,52
1268,2
1269,2
1270,25
1271,18
1272,2
1273,30
1274,18
1275,10
1276,8
1277,3
1278,2
1279,14
1280,16
1281,30
1282,50
1283,16
1284,2
1285,45
1286,11
1287,14
1288,64
1289,3
1290,6
1291,8
1292,8
1293,36
1294,14
1295,26
1296,2
1297,28
1298,22
1299,8
1300,32
1301,18
1302,14
1303,12
1304,12
1305,48
1306,8
1307,12
1308,8
1309,6
1310,16
1311,14
1312,42
1313,24
1314,12
1315,6
1316,10
1317,20
1318,27
1319,12
1320,20
1321,38
1322,12
1323,24
1324,10
1325,27
1326,18
1327,10
1328,14
1329,6
1330,70
1331,4
1332,2
1333,1
1334,2
1335,32
1336,5
1337,20
1338,22
1339,16
1340,18
1341,5
1342,18
1343,6
1344,67
1345,14
1346,10
1347,6
1348,11
1349,8
1350,6
1351,20
1352,10
1353,34
1354,16
1355,4
1356,4
1357,6
1358,8
1359,14
1360,20
1361,14
1362,40
1363,4
1364,40
1365,27
1366,8
1367,8
1368,4
1369,2
1370,6
1371,20
1372,37
1373,6
1374,18
1375,22
1376,30
1377,28
1378,20
1379,14
1380,17
1381,9
1382,6
1383,12
1384,8
1385,16
1386,44
1387,14
1388,4
1389,18
1390,22
1391,8
1392,11
1393,8
1394,6
1395,18
1396,23
1397,28
1398,10
1399,8
1400,28
1401,24
1402,36
1403,4
1404,48
1405,4
1406,2
1407,1
1408,2
1409,32
1410,2
1411,12
1412,9
1413,34
1414,8
1415,57
1416,20
1417,6
1418,12
1419,22
1420,26
1421,46
1422,14
1423,38
1424,4
1425,2
1426,12
1427,29
1428,15
1429,14
1430,40
1431,8
1432,6
1433,64
1434,6
1435,28
1436,34
1437,12
1438,16
1439,42
1440,6
1441,16
1442,6
1443,37
1444,2
1445,50
1446,6
1447,6
1448,16
1449,16
1450,10
1451,21
1452,5
1453,14
1454,18
1455,19
1456,14
1457,4
1458,6
1459,30
1460,26
1461,46
1462,20
1463,60
1464,20
1465,8
1466,16
1467,14
1468,18
1469,16
1470,4
1471,12
1472,20
1473,36
1474,8
1475,20
1476,13
1477,4
1478,76
1479,6
1480,4
1481,4
1482,2
1483,1
1484,2
1485,2
1486,5
1487,18
1488,2
1489,20
1490,28
1491,8
1492,58
1493,16
1494,10
1495,2
1496,12
1497,12
1498,20
1499,12
1500,10
1501,6
1502,36
1503,14
1504,52
1505,8
1506,14
1507,7
1508,2
1509,12
1510,69
1511,14
1512,18
1513,14
1514,15
1515,12
1516,32
1517,10
1518,28
1519,22
1520,28
1521,2
1522,60
1523,14
1524,22
1525,28
1526,17
1527,22
1528,12
1529,8
1530,46
1531,17
1532,22
1533,16
1534,10
1535,30
1536,6
1537,42
1538,26
1539,16
1540,70
1541,4
1542,14
1543,14
1544,32
1545,4
1546,25
1547,9
1548,8
1549,50
1550,44
1551,4
1552,32
1553,4
1554,8
1555,25
1556,4
1557,4
1558,49
1559,4
1560,2
1561,1
1562,2
1563,20
1564,2
1565,2
1566,18
1567,28
1568,2
1569,57
1570,2
1571,10
1572,20
1573,3
1574,24
1575,10
1576,2
1577,14
1578,9
1579,42
1580,2
1581,79
1582,26
1583,6
1584,14
1585,11
1586,30
1587,6
1588,6
1589,38
1590,18
1591,10
1592,8
1593,42
1594,14
1595,10
1596,42
1597,21
1598,4
1599,10
1600,2
1601,6
1602,29
1603,8
1604,16
1605,26
1606,8
1607,6
1608,28
1609,19
1610,12
1611,36
1612,12
1613,18
1614,6
1615,8
1616,10
1617,41
1618,11
1619,14
1620,36
1621,40
1622,16
1623,48
1624,16
1625,16
1626,6
1627,22
1628,18
1629,53
1630,14
1631,10
1632,6
1633,26
1634,24
1635,30
1636,36
1637,6
1638,32
1639,4
1640,2
1641,1
1642,2
1643,70
1644,5
1645,18
1646,20
1647,14
1648,48
1649,4
1650,14
1651,4
1652,33
1653,10
1654,10
1655,28
1656,17
1657,18
1658,66
1659,6
1660,8
1661,26
1662,12
1663,12
1664,4
1665,19
1666,6
1667,4
1668,43
1669,8
1670,24
1671,12
1672,34
1673,3
1674,18
1675,12
1676,8
1677,18
1678,28
1679,14
1680,27
1681,2
1682,38
1683,36
1684,16
1685,88
1686,10
1687,12
1688,30
1689,11
1690,14
1691,42
1692,31
1693,22
1694,8
1695,4
1696,26
1697,36
1698,16
1699,8
1700,69
1701,10
1702,4
1703,26
1704,7
1705,12
1706,54
1707,6
1708,22
1709,4
1710,8
1711,4
1712,45
1713,25
1714,6
1715,8
1716,4
1717,4
1718,80
1719,4
1720,4
1721,4
1722,2
1723,1
1724,2
1725,2
1726,2
1727,11
1728,2
1729,2
1730,8
1731,8
1732,64
1733,16
1734,2
1735,43
1736,2
1737,26
1738,14
1739,9
1740,10
1741,48
1742,16
1743,2
1744,42
1745,10
1746,8
1747,67
1748,6
1749,20
1750,2
1751,30
1752,14
1753,24
1754,34
1755,32
1756,22
1757,12
1758,8
1759,63
1760,4
1761,6
1762,36
1763,4
1764,2
1765,28
1766,14
1767,38
1768,19
1769,10
1770,10
1771,16
1772,34
1773,10
1774,38
1775,28
1776,18
1777,38
1778,8
1779,54
1780,48
1781,28
1782,6
1783,7
1784,14
1785,8
1786,46
1787,50
1788,10
1789,84
1790,6
1791,12
1792,32
1793,22
1794,24
1795,48
1796,24
1797,14
1798,12
1799,42
1800,18
1801,22
1802,30
1803,6
1804,34
1805,4
1806,2
1807,1
1808,2
1809,56
1810,5
1811,20
1812,10
1813,12
1814,38
1815,16
1816,20
1817,6
1818,21
1819,14
1820,14
1821,18
1822,11
1823,4
1824,30
1825,24
1826,20
1827,12
1828,48
1829,4
1830,53
1831,14
1832,16
1833,6
1834,15
1835,6
1836,68
1837,6
1838,20
1839,9
1840,8
1841,10
1842,4
1843,8
1844,8
1845,24
1846,27
1847,6
1848,36
1849,2
1850,6
1851,78
1852,16
1853,10
1854,8
1855,7
1856,26
1857,10
1858,5
1859,16
1860,18
1861,12
1862,26
1863,23
1864,6
1865,24
1866,16
1867,12
1868,10
1869,32
1870,29
1871,4
1872,34
1873,28
1874,16
1875,10
1876,18
1877,8
1878,27
1879,24
1880,18
1881,18
1882,4
1883,26
1884,32
1885,4
1886,18
1887,13
1888,18
1889,4
1890,51
1891,4
1892,2
1893,1
1894,2
1895,34
1896,2
1897,64
1898,30
1899,8
1900,2
1901,26
1902,12
1903,2
1904,56
1905,9
1906,10
1907,68
1908,8
1909,8
1910,8
1911,6
1912,18
1913,12
1914,2
1915,26
1916,10
1917,16
1918,20
1919,22
1920,44
1921,8
1922,60
1923,6
1924,8
1925,62
1926,5
1927,12
1928,22
1929,11
1930,8
1931,8
1932,10
1933,28
1934,28
1935,26
1936,2
1937,80
1938,24
1939,18
1940,14
1941,19
1942,22
1943,14
1944,14
1945,12
1946,36
1947,18
1948,14
1949,47
1950,17
1951,4
1952,12
1953,23
1954,16
1955,84
1956,14
1957,22
1958,12
1959,30
1960,32
1961,12
1962,16
1963,4
1964,18
1965,34
1966,4
1967,94
1968,16
1969,12
1970,36
1971,4
1972,4
1973,51
1974,12
1975,4
1976,4
1977,6
1978,4
1979,4
1980,2
1981,1
1982,2
1983,2
1984,5
1985,2
1986,2
1987,28
1988,20
1989,2
1990,2
1991,30
1992,10
1993,74
1994,44
1995,2
1996,36
1997,13
1998,2
1999,32
2000,10
2001,12
2002,12
2003,24
2004,44
2005,7
2006,24
2007,14
2008,61
2009,12
2010,2
2011,6
2012,6
2013,26
2014,44
2015,20
2016,10
2017,48
2018,24
2019,6
2020,28
2021,26
2022,4
2023,22
2024,11
2025,2
2026,34
2027,6
2028,42
2029,19
2030,14
2031,36
2032,18
2033,24
2034,14
2035,16
2036,11
2037,22
2038,74
2039,38
2040,10
2041,34
2042,28
2043,10
2044,21
2045,10
2046,10
2047,44
2048,4
2049,32
2050,44
2051,20
2052,36
2053,10
2054,10
2055,8
2056,6
2057,34
2058,6
2059,44
2060,12
2061,22
2062,24
2063,8
2064,26
2065,34
2066,36
2067,4
2068,45
2069,4
2070,2
2071,1
2072,2
2073,24
2074,2
2075,20
2076,31
2077,10
2078,8
2079,25
2080,36
2081,10
2082,10
2083,43
2084,8
2085,58
2086,14
2087,10
2088,4
2089,6
2090,14
2091,59
2092,5
2093,2
2094,28
2095,31
2096,8
2097,24
2098,16
2099,6
2100,21
2101,6
2102,16
2103,84
2104,20
2105,32
2106,18
2107,3
2108,24
2109,32
2110,16
2111,12
2112,30
2113,8
2114,8
2115,63
2116,2
2117,6
2118,82
2119,17
2120,18
2121,42
2122,16
2123,38
2124,6
2125,30
2126,14
2127,7
2128,52
2129,10
2130,12
2131,8
2132,6
2133,86
2134,6
2135,66
2136,38
2137,16
2138,6
2139,38
2140,19
2141,30
2142,56
2143,34
2144,8
2145,36
2146,14
2147,20
2148,50
2149,16
2150,18
2151,35
2152,16
2153,26
2154,16
2155,38
2156,18
2157,46
2158,16
2159,6
2160,80
2161,4
2162,2
2163,1
2164,2
2165,22
2166,5
2167,30
2168,20
2169,22
2170,30
2171,11
2172,18
2173,12
2174,27
2175,4
2176,10
2177,32
2178,10
2179,16
2180,34
2181,6
2182,40
2183,6
2184,12
2185,4
2186,6
2187,29
2188,12
2189,10
2190,37
2191,8
2192,68
2193,4
2194,12
2195,26
2196,18
2197,12
2198,30
2199,38
2200,6
2201,18
2202,11
2203,14
2204,6
2205,16
2206,42
2207,24
2208,4
2209,2
2210,21
2211,7
2212,10
2213,30
2214,6
2215,14
2216,8
2217,18
2218,30
2219,38
2220,26
2221,16
2222,29
2223,22
2224,26
2225,4
2226,19
2227,22
2228,6
2229,42
2230,18
2231,14
2232,22
2233,4
2234,63
2235,14
2236,18
2237,88
2238,11
2239,8
2240,48
2241,4
2242,14
2243,15
2244,26
2245,4
2246,65
2247,14
2248,8
2249,4
2250,35
2251,4
2252,12
2253,4
2254,4
2255,4
2256,2
2257,1
2258,2
2259,2
2260,2
2261,19
2262,2
2263,96
2264,2
2265,8
2266,21
2267,14
2268,2
2269,46
2270,12
2271,30
2272,2
2273,44
2274,10
2275,14
2276,28
2277,8
2278,94
2279,12
2280,2
2281,28
2282,7
2283,12
2284,14
2285,31
2286,12
2287,4
2288,2
2289,18
2290,8
2291,42
2292,8
2293,29
2294,26
2295,6
2296,42
2297,14
2298,18
2299,66
2300,20
2301,14
2302,28
2303,16
2304,2
2305,30
2306,26
2307,8
2308,38
2309,11
2310,18
2311,18
2312,10
2313,54
2314,5
2315,18
2316,24
2317,12
2318,18
2319,24
2320,8
2321,36
2322,18
2323,66
2324,26
2325,12
2326,94
2327,22
2328,10
2329,59
2330,5
2331,6
2332,16
2333,55
2334,28
2335,36
2336,22
2337,14
2338,26
2339,4
2340,22
2341,89
2342,8
2343,38
2344,10
2345,21
2346,4
2347,44
2348,60
2349,6
2350,32
2351,4
2352,2
2353,1
2354,2
2355,54
2356,5
2357,22
2358,16
2359,2
2360,28
2361,6
2362,26
2363,16
2364,48
2365,24
2366,2
2367,32
2368,29
2369,8
2370,4
2371,8
2372,12
2373,32
2374,36
2375,16
2376,21
2377,13
2378,14
2379,40
2380,10
2381,22
2382,28
2383,12
2384,42
2385,6
2386,14
2387,12
2388,51
2389,12
2390,24
2391,22
2392,31
2393,4
2394,28
2395,24
2396,26
2397,76
2398,32
2399,4
2400,64
2401,2
2402,6
2403,66
2404,6
2405,14
2406,20
2407,30
2408,18
2409,43
2410,10
2411,8
2412,92
2413,28
2414,14
2415,10
2416,11
2417,14
2418,6
2419,34
2420,62
2421,12
2422,20
2423,10
2424,65
2425,23
2426,4
2427,72
2428,13
2429,10
2430,48
2431,4
2432,52
2433,7
2434,8
2435,6
2436,30
2437,12
2438,30
2439,16
2440,46
2441,4
2442,30
2443,8
2444,42
2445,46
2446,4
2447,4
2448,56
2449,4
2450,2
2451,1
2452,2
2453,52
2454,2
2455,2
2456,46
2457,12
2458,8
2459,31
2460,2
2461,14
2462,30
2463,30
2464,22
2465,38
2466,14
2467,48
2468,42
2469,22
2470,2
2471,67
2472,5
2473,16
2474,92
2475,2
2476,16
2477,14
2478,8
2479,56
2480,10
2481,58
2482,14
2483,8
2484,24
2485,12
2486,46
2487,18
2488,22
2489,78
2490,8
2491,6
2492,16
2493,8
2494,12
2495,15
2496,22
2497,14
2498,20
2499,45
2500,2
2501,76
2502,8
2503,16
2504,9
2505,8
2506,16
2507,23
2508,24
2509,34
2510,24
2511,27
2512,14
2513,30
2514,50
2515,8
2516,102
2517,4
2518,6
2519,72
2520,9
2521,38
2522,48
2523,12
2524,12
2525,40
2526,6
2527,46
2528,38
2529,34
2530,14
2531,7
2532,30
2533,12
2534,4
2535,26
2536,32
2537,28
2538,36
2539,12
2540,14
2541,48
2542,6
2543,57
2544,24
2545,4
2546,34
2547,6
2548,4
2549,4
2550,2
2551,1
2552,2
2553,2
2554,5
2555,40
2556,2
2557,32
2558,37
2559,8
2560,42
2561,34
2562,10
2563,82
2564,16
2565,12
2566,49
2567,2
2568,10
2569,16
2570,5
2571,12
2572,30
2573,4
2574,20
2575,19
2576,20
2577,14
2578,100
2579,14
2580,18
2581,4
2582,31
2583,38
2584,2
2585,12
2586,28
2587,20
2588,12
2589,6
2590,82
2591,3
2592,22
2593,82
2594,6
2595,24
2596,52
2597,18
2598,50
2599,10
2600,10
2601,2
2602,58
2603,52
2604,12
2605,44
2606,35
2607,10
2608,18
2609,10
2610,72
2611,54
2612,28
2613,20
2614,19
2615,8
2616,10
2617,20
2618,10
2619,6
2620,104
2621,8
2622,10
2623,26
2624,26
2625,34
2626,19
2627,4
2628,10
2629,10
2630,40
2631,26
2632,58
2633,16
2634,8
2635,36
2636,24
2637,8
2638,85
2639,11
2640,4
2641,58
2642,21
2643,26
2644,16
2645,4
2646,22
2647,24
2648,58
2649,4
2650,34
2651,4
2652,2
2653,1
2654,2
2655,70
2656,2
2657,20
2658,32
2659,12
2660,2
2661,15
2662,14
2663,6
2664,36
2665,2
2666,28
2667,64
2668,8
2669,58
2670,32
2671,6
2672,28
2673,9
2674,6
2675,18
2676,10
2677,45
2678,2
2679,102
2680,36
2681,44
2682,88
2683,12
2684,8
2685,26
2686,15
2687,6
2688,34
2689,43
2690,10
2691,24
2692,28
2693,12
2694,49
2695,10
2696,10
2697,63
2698,16
2699,4
2700,32
2701,35
2702,6
2703,4
2704,2
2705,6
2706,6
2707,24
2708,6
2709,66
2710,21
2711,18
2712,80
2713,6
2714,40
2715,60
2716,18
2717,36
2718,17
2719,18
2720,12
2721,30
2722,6
2723,8
2724,46
2725,7
2726,22
2727,44
2728,12
2729,22
2730,14
2731,18
2732,12
2733,33
2734,12
2735,30
2736,6
2737,29
2738,12
2739,84
2740,14
2741,18
2742,52
2743,10
2744,24
2745,25
2746,28
2747,28
2748,12
2749,47
2750,10
2751,46
2752,10
2753,6
2754,36
2755,4
2756,2
2757,1
2758,2
2759,16
2760,5
2761,10
2762,32
2763,16
2764,30
2765,40
2766,42
2767,10
2768,42
2769,4
2770,22
2771,4
2772,21
2773,20
2774,6
2775,12
2776,6
2777,50
2778,6
2779,12
2780,45
2781,3
2782,10
2783,30
2784,13
2785,10
2786,52
2787,4
2788,52
2789,26
2790,30
2791,4
2792,6
2793,48
2794,10
2795,6
2796,10
2797,12
2798,90
2799,10
2800,48
2801,86
2802,12
2803,6
2804,23
2805,15
2806,22
2807,20
2808,49
2809,2
2810,20
2811,32
2812,28
2813,34
2814,10
2815,12
2816,36
2817,10
2818,20
2819,40
2820,5
2821,44
2822,8
2823,44
2824,20
2825,12
2826,40
2827,4
2828,86
2829,10
2830,18
2831,32
2832,23
2833,20
2834,60
2835,18
2836,4
2837,11
2838,28
2839,8
2840,64
2841,12
2842,10
2843,42
2844,23
2845,4
2846,54
2847,8
2848,42
2849,26
2850,24
2851,4
2852,34
2853,25
2854,4
2855,8
2856,61
2857,4
2858,44
2859,4
2860,4
2861,4
2862,2
2863,1
2864,2
2865,2
2866,2
2867,50
2868,2
2869,30
2870,8
2871,2
2872,16
2873,36
2874,2
2875,31
2876,13
2877,22
2878,14
2879,28
2880,2
2881,44
2882,12
2883,26
2884,8
2885,42
2886,8
2887,11
2888,40
2889,2
2890,12
2891,6
2892,30
2893,22
2894,18
2895,72
2896,38
2897,28
2898,2
2899,51
2900,26
2901,12
2902,96
2903,27
2904,8
2905,38
2906,6
2907,12
2908,10
2909,34
2910,10
2911,41
2912,18
2913,6
2914,18
2915,47
2916,2
2917,22
2918,24
2919,50
2920,88
2921,8
2922,12
2923,37
2924,8
2925,38
2926,18
2927,12
2928,10
2929,38
2930,26
2931,26
2932,11
2933,12
2934,8
2935,80
2936,10
2937,34
2938,12
2939,6
2940,34
2941,28
2942,30
2943,12
2944,54
2945,32
2946,16
2947,79
2948,12
2949,4
2950,108
2951,12
2952,28
2953,16
2954,6
2955,20
2956,12
2957,58
2958,24
2959,58
2960,4
2961,4
2962,14
2963,34
2964,24
2965,114
2966,4
2967,6
2968,56
2969,4
2970,2
2971,1
2972,2
2973,18
2974,5
2975,2
2976,32
2977,18
2978,34
2979,14
2980,2
2981,2
2982,51
2983,4
2984,42
2985,16
2986,49
2987,16
2988,6
2989,10
2990,10
2991,106
2992,2
2993,6
2994,87
2995,5
2996,22
2997,10
2998,16
2999,8
3000,10
3001,32
3002,28
3003,30
3004,10
3005,10
3006,103
3007,6
3008,22
3009,40
3010,17
3011,10
3012,82
3013,20
3014,10
3015,42
3016,4
3017,16
3018,64
3019,9
3020,18
3021,66
3022,15
3023,8
3024,68
3025,2
3026,6
3027,36
3028,34
3029,40
3030,45
3031,24
3032,24
3033,22
3034,53
3035,12
3036,50
3037,26
3038,32
3039,34
3040,28
3041,10
3042,54
3043,21
3044,6
3045,14
3046,34
3047,12
3048,48
3049,8
3050,26
3051,26
3052,22
3053,4
3054,37
3055,24
3056,12
3057,30
3058,28
3059,6
3060,10
3061,28
3062,62
3063,52
3064,60
3065,4
3066,13
3067,4
3068,14
3069,10
3070,31
3071,30
3072,28
3073,4
3074,4
3075,23
3076,22
3077,4
3078,31
3079,4
3080,2
3081,1
3082,2
3083,38
3084,2
3085,10
3086,42
3087,2
3088,2
3089,13
3090,16
3091,22
3092,36
3093,52
3094,2
3095,44
3096,2
3097,34
3098,42
3099,20
3100,28
3101,26
3102,6
3103,28
3104,16
3105,7
3106,6
3107,22
3108,2
3109,6
3110,36
3111,24
3112,8
3113,81
3114,5
3115,18
3116,4
3117,8
3118,20
3119,16
3120,18
3121,40
3122,28
3123,26
3124,12
3125,3
3126,22
3127,18
3128,48
3129,14
3130,6
3131,58
3132,26
3133,70
3134,10
3135,36
3136,2
3137,74
3138,37
3139,12
3140,8
3141,10
3142,10
3143,22
3144,20
3145,10
3146,7
3147,42
3148,24
3149,32
3150,24
3151,22
3152,24
3153,41
3154,8
3155,4
3156,12
3157,6
3158,104
3159,32
3160,10
3161,75
3162,10
3163,10
3164,18
3165,17
3166,26
3167,30
3168,18
3169,20
3170,43
3171,16
3172,36
3173,27
3174,4
3175,8
3176,28
3177,11
3178,16
3179,38
3180,50
3181,12
3182,14
3183,20
3184,8
3185,78
3186,11
3187,4
3188,68
3189,6
3190,4
3191,4
3192,2
3193,1
3194,2
3195,2
3196,5
3197,38
3198,2
3199,24
3200,37
3201,8
3202,114
3203,20
3204,10
3205,12
3206,12
3207,16
3208,31
3209,12
3210,10
3211,2
3212,36
3213,10
3214,108
3215,6
3216,48
3217,33
3218,16
3219,8
3220,35
3221,16
3222,30
3223,8
3224,5
3225,18
3226,26
3227,42
3228,28
3229,30
3230,2
3231,6
3232,40
3233,14
3234,34
3235,84
3236,5
3237,36
3238,20
3239,8
3240,18
3241,8
3242,50
3243,6
3244,37
3245,12
3246,20
3247,24
3248,4
3249,2
3250,54
3251,24
3252,48
3253,22
3254,14
3255,6
3256,75
3257,15
3258,10
3259,34
3260,22
3261,10
3262,108
3263,14
3264,46
3265,40
3266,30
3267,14
3268,10
3269,64
3270,26
3271,24
3272,53
3273,10
3274,110
3275,20
3276,8
3277,118
3278,4
3279,18
3280,58
3281,13
3282,16
3283,48
3284,11
3285,28
3286,56
3287,10
3288,26
3289,18
3290,30
3291,6
3292,19
3293,24
3294,34
3295,22
3296,36
3297,14
3298,24
3299,8
3300,14
3301,14
3302,28
3303,4
3304,95
3305,4
3306,2
3307,1
3308,2
3309,16
3310,2
3311,74
3312,19
3313,70
3314,8
3315,33
3316,16
3317,26
3318,48
3319,28
3320,14
3321,6
3322,14
3323,28
3324,38
3325,20
3326,10
3327,41
3328,19
3329,4
3330,10
3331,63
3332,10
3333,32
3334,16
3335,2
3336,8
3337,4
3338,34
3339,82
3340,30
3341,6
3342,4
3343,32
3344,4
3345,6
3346,28
3347,18
3348,46
3349,32
3350,12
3351,86
3352,12
3353,38
3354,54
3355,13
3356,18
3357,40
3358,12
3359,18
3360,41
3361,4
3362,4
3363,26
3364,2
3365,6
3366,52
3367,21
3368,34
3369,32
3370,34
3371,18
3372,42
3373,36
3374,6
3375,59
3376,5
3377,18
3378,108
3379,10
3380,32
3381,42
3382,8
3383,38
3384,6
3385,6
3386,20
3387,19
3388,70
3389,16
3390,48
3391,41
3392,12
3393,22
3394,44
3395,44
3396,36
3397,28
3398,20
3399,63
3400,6
3401,22
3402,38
3403,33
3404,10
3405,60
3406,8
3407,10
3408,53
3409,42
3410,20
3411,115
3412,18
3413,10
3414,10
3415,38
3416,24
3417,36
3418,24
3419,6
3420,14
3421,4
3422,2
3423,1
3424,2
3425,36
3426,5
3427,14
3428,46
3429,16
3430,52
3431,17
3432,34
3433,18
3434,18
3435,58
3436,6
3437,4
3438,20
3439,6
3440,74
3441,20
3442,24
3443,24
3444,6
3445,4
3446,32
3447,22
3448,12
3449,22
3450,10
3451,8
3452,104
3453,12
3454,42
3455,16
3456,6
3457,40
3458,37
3459,36
3460,12
3461,4
3462,48
3463,30
3464,42
3465,46
3466,8
3467,12
3468,32
3469,8
3470,85
3471,5
3472,6
3473,92
3474,17
3475,12
3476,18
3477,4
3478,48
3479,11
3480,58
3481,2
3482,73
3483,6
3484,30
3485,46
3486,11
3487,42
3488,46
3489,20
3490,26
3491,16
3492,32
3493,8
3494,34
3495,7
3496,12
3497,42
3498,45
3499,38
3500,80
3501,4
3502,60
3503,15
3504,12
3505,12
3506,52
3507,52
3508,16
3509,12
3510,18
3511,4
3512,110
3513,22
3514,42
3515,38
3516,8
3517,4
3518,60
3519,23
3520,14
3521,4
3522,45
3523,12
3524,60
3525,8
3526,4
3527,50
3528,10
3529,4
3530,47
3531,4
3532,6
3533,4
3534,33
3535,4
3536,4
3537,4
3538,4
3539,4
3540,2
3541,1
3542,2
3543,2
3544,2
3545,2
3546,2
3547,52
3548,2
3549,8
3550,2
3551,16
3552,2
3553,89
3554,30
3555,2
3556,8
3557,31
3558,10
3559,24
3560,2
3561,38
3562,46
3563,40
3564,2
3565,13
3566,26
3567,10
3568,80
3569,10
3570,2
3571,96
3572,8
3573,28
3574,36
3575,22
3576,8
3577,79
3578,6
3579,26
3580,2
3581,58
3582,18
3583,46
3584,64
3585,10
3586,100
3587,20
3588,8
3589,43
3590,8
3591,34
3592,28
3593,15
3594,12
3595,26
3596,18
3597,18
3598,30
3599,50
3600,2
3601,96
3602,28
3603,6
3604,14
3605,31
3606,18
3607,10
3608,16
3609,72
3610,18
3611,28
3612,10
3613,63
3614,28
3615,16
3616,116
3617,31
3618,28
3619,8
3620,8
3621,46
3622,6
3623,26
3624,34
3625,34
3626,30
3627,22
3628,34
3629,26
3630,8
3631,122
3632,8
3633,62
3634,80
3635,12
3636,8
3637,81
3638,30
3639,26
3640,10
3641,43
3642,18
3643,14
3644,32
3645,24
3646,5
3647,18
3648,20
3649,31
3650,6
3651,42
3652,40
3653,18
3654,38
3655,38
3656,46
3657,6
3658,34
3659,4
3660,2
3661,1
3662,2
3663,12
3664,5
3665,22
3666,72
3667,14
3668,26
3669,23
3670,6
3671,4
3672,71
3673,58
3674,16
3675,6
3676,10
3677,8
3678,26
3679,8
3680,6
3681,64
3682,10
3683,4
3684,38
3685,20
3686,12
3687,62
3688,62
3689,18
3690,26
3691,6
3692,18
3693,67
3694,16
3695,6
3696,22
3697,36
3698,14
3699,4
3700,53
3701,6
3702,42
3703,34
3704,24
3705,64
3706,48
3707,12
3708,87
3709,3
3710,14
3711,4
3712,44
3713,24
3714,36
3715,24
3716,44
3717,16
3718,42
3719,6
3720,26
3721,2
3722,6
3723,30
3724,17
3725,30
3726,42
3727,44
3728,66
3729,38
3730,8
3731,14
3732,65
3733,8
3734,10
3735,54
3736,13
3737,14
3738,56
3739,12
3740,30
3741,33
3742,6
3743,36
3744,18
3745,24
3746,22
3747,8
3748,39
3749,20
3750,6
3751,42
3752,4
3753,10
3754,10
3755,18
3756,80
3757,16
3758,8
3759,16
3760,27
3761,14
3762,88
3763,24
3764,20
3765,70
3766,10
3767,8
3768,110
3769,18
3770,42
3771,32
3772,45
3773,32
3774,14
3775,8
3776,46
3777,36
3778,18
3779,4
3780,74
3781,4
3782,2
3783,1
3784,2
3785,72
3786,2
3787,64
3788,12
3789,70
3790,8
3791,13
3792,24
3793,10
3794,26
3795,16
3796,30
3797,18
3798,14
3799,8
3800,78
3801,36
3802,6
3803,47
3804,31
3805,10
3806,80
3807,9
3808,10
3809,12
3810,6
3811,18
3812,17
3813,2
3814,14
3815,7
3816,14
3817,36
3818,18
3819,49
3820,24
3821,4
3822,56
3823,8
3824,62
3825,18
3826,20
3827,31
3828,7
3829,18
3830,12
3831,18
3832,6
3833,20
3834,32
3835,38
3836,5
3837,30
3838,4
3839,118
3840,20
3841,26
3842,40
3843,4
3844,2
3845,54
3846,42
3847,74
3848,30
3849,56
3850,10
3851,28
3852,40
3853,16
3854,14
3855,41
3856,16
3857,112
3858,12
3859,80
3860,19
3861,38
3862,34
3863,13
3864,26
3865,4
3866,6
3867,59
3868,10
3869,130
3870,20
3871,12
3872,28
3873,28
3874,20
3875,56
3876,22
3877,16
3878,10
3879,12
3880,16
3881,92
3882,6
3883,34
3884,33
3885,22
3886,4
3887,128
3888,28
3889,4
3890,16
3891,36
3892,26
3893,4
3894,26
3895,12
3896,14
3897,32
3898,4
3899,43
3900,4
3901,4
3902,124
3903,6
3904,4
3905,4
3906,2
3907,1
3908,2
3909,2
3910,5
3911,50
3912,2
3913,2
3914,21
3915,2
3916,46
3917,8
3918,10
3919,40
3920,2
3921,12
3922,41
3923,11
3924,2
3925,22
3926,21
3927,2
3928,68
3929,14
3930,32
3931,67
3932,8
3933,14
3934,10
3935,28
3936,6
3937,28
3938,13
3939,6
3940,66
3941,14
3942,10
3943,110
3944,36
3945,16
3946,4
3947,4
3948,2
3949,12
3950,19
3951,28
3952,22
3953,32
3954,10
3955,24
3956,50
3957,14
3958,27
3959,30
3960,14
3961,40
3962,16
3963,28
3964,102
3965,8
3966,14
3967,22
3968,24
3969,2
3970,35
3971,36
3972,8
3973,10
3974,38
3975,8
3976,52
3977,14
3978,80
3979,32
3980,16
3981,16
3982,5
3983,28
3984,16
3985,22
3986,49
3987,10
3988,90
3989,38
3990,10
3991,114
3992,28
3993,12
3994,91
3995,13
3996,14
3997,14
3998,54
3999,28
4000,8
4001,4
4002,6
4003,50
4004,16
4005,24
4006,20
4007,8
4008,22
4009,34
4010,35
4011,18
4012,14
4013,52
4014,14
4015,72
4016,56
4017,4
4018,24
4019,9
4020,26
4021,106
4022,26
4023,30
4024,16
4025,4
4026,30
4027,20
4028,46
4029,4
4030,19
4031,4
4032,2
4033,1
4034,2
4035,114
4036,2
4037,72
4038,36
4039,10
4040,2
4041,36
4042,7
4043,18
4044,12
4045,48
4046,14
4047,124
4048,2
4049,42
4050,14
4051,14
4052,30
4053,86
4054,24
4055,22
4056,26
4057,25
4058,12
4059,14
4060,56
4061,30
4062,84
4063,32
4064,2
4065,89
4066,14
4067,10
4068,70
4069,7
4070,22
4071,40
4072,6
4073,24
4074,35
4075,6
4076,8
4077,55
4078,16
4079,26
4080,10
4081,26
4082,42
4083,16
4084,22
4085,60
4086,36
4087,8
4088,12
4089,79
4090,14
4091,12
4092,108
4093,25
4094,8
4095,40
4096,2
4097,6
4098,40
4099,20
4100,32
4101,10
4102,54
4103,32
4104,14
4105,66
4106,16
4107,6
4108,10
4109,12
4110,136
4111,20
4112,20
4113,61
4114,14
4115,14
4116,12
4117,35
4118,6
4119,20
4120,26
4121,24
4122,24
4123,22
4124,10
4125,110
4126,30
4127,14
4128,36
4129,6
4130,18
4131,64
4132,50
4133,50
4134,62
4135,4
4136,6
4137,99
4138,22
4139,10
4140,116
4141,12
4142,28
4143,28
4144,20
4145,36
4146,17
4147,74
4148,4
4149,58
4150,28
4151,4
4152,28
4153,31
4154,18
4155,74
4156,4
4157,6
4158,88
4159,4
4160,2
4161,1
4162,2
4163,30
4164,5
4165,2
4166,68
4167,16
4168,20
4169,25
4170,2
4171,40
4172,84
4173,2
4174,10
4175,10
4176,47
4177,10
4178,62
4179,62
4180,10
4181,54
4182,8
4183,10
4184,92
4185,11
4186,2
4187,52
4188,25
4189,36
4190,18
4191,8
4192,4
4193,20
4194,38
4195,16
4196,107
4197,30
4198,4
4199,26
4200,31
4201,34
4202,24
4203,4
4204,62
4205,6
4206,8
4207,16
4208,69
4209,11
4210,12
4211,94
4212,10
4213,10
4214,18
4215,14
4216,20
4217,37
4218,6
4219,8
4220,45
4221,20
4222,18
4223,40
4224,47
4225,2
4226,66
4227,18
4228,18
4229,14
4230,20
4231,10
4232,57
4233,16
4234,50
4235,52
4236,26
4237,36
4238,32
4239,10
4240,10
4241,41
4242,14
4243,16
4244,116
4245,24
4246,28
4247,4
4248,44
4249,44
4250,38
4251,40
4252,20
4253,12
4254,16
4255,16
4256,10
4257,12
4258,4
4259,38
4260,5
4261,22
4262,96
4263,26
4264,26
4265,25
4266,14
4267,8
4268,80
4269,4
4270,14
4271,44
4272,47
4273,8
4274,114
4275,6
4276,86
4277,34
4278,18
4279,4
4280,4
4281,7
4282,8
4283,8
4284,69
4285,4
4286,62
4287,4
4288,4
4289,4
4290,2
4291,1
4292,2
4293,2
4294,2
4295,48
4296,2
4297,66
4298,8
4299,8
4300,30
4301,2
4302,2
4303,46
4304,10
4305,16
4306,14
4307,27
4308,10
4309,26
4310,34
4311,54
4312,2
4313,36
4314,8
4315,42
4316,12
4317,32
4318,24
4319,23
4320,14
4321,6
4322,34
4323,2
4324,56
4325,60
4326,8
4327,84
4328,23
4329,16
4330,44
4331,33
4332,28
4333,40
4334,2
4335,58
4336,10
4337,10
4338,10
4339,56
4340,42
4341,12
4342,14
4343,3
4344,12
4345,34
4346,52
4347,22
4348,124
4349,12
4350,6
4351,78
4352,28
4353,22
4354,18
4355,13
4356,2
4357,56
4358,6
4359,30
4360,59
4361,6
4362,28
4363,34
4364,18
4365,14
4366,50
4367,22
4368,10
4369,38
4370,62
4371,22
4372,46
4373,14
4374,8
4375,23
4376,25
4377,26
4378,8
4379,6
4380,16
4381,108
4382,12
4383,90
4384,6
4385,46
4386,16
4387,44
4388,26
4389,10
4390,66
4391,23
4392,20
4393,54
4394,32
4395,64
4396,28
4397,36
4398,12
4399,34
4400,14
4401,10
4402,82
4403,25
4404,6
4405,8
4406,6
4407,28
4408,57
4409,28
4410,10
4411,20
4412,36
4413,26
4414,16
4415,27
4416,26
4417,34
4418,30
4419,6
4420,118
4421,4
4422,2
4423,1
4424,2
4425,64
4426,5
4427,10
4428,16
4429,18
4430,48
4431,15
4432,14
4433,20
4434,36
4435,46
4436,14
4437,6
4438,9
4439,14
4440,58
4441,16
4442,28
4443,30
4444,4
4445,4
4446,69
4447,19
4448,4
4449,6
4450,25
4451,22
4452,124
4453,6
4454,30
4455,14
4456,50
4457,8
4458,34
4459,48
4460,16
4461,36
4462,52
4463,18
4464,58
4465,6
4466,72
4467,6
4468,20
4469,14
4470,41
4471,15
4472,10
4473,56
4474,58
4475,12
4476,10
4477,12
4478,4
4479,32
4480,58
4481,22
4482,93
4483,8
4484,20
4485,26
4486,11
4487,4
4488,4
4489,2
4490,6
4491,60
4492,18
4493,6
4494,97
4495,18
4496,6
4497,62
4498,24
4499,50
4500,68
4501,18
4502,64
4503,15
4504,30
4505,32
4506,15
4507,44
4508,16
4509,24
4510,40
4511,8
4512,6
4513,10
4514,72
4515,6
4516,28
4517,16
4518,48
4519,7
4520,10
4521,32
4522,33
4523,4
4524,20
4525,8
4526,58
4527,29
4528,20
4529,16
4530,11
4531,14
4532,20
4533,20
4534,74
4535,14
4536,98
4537,44
4538,26
4539,28
4540,4
4541,8
4542,98
4543,11
4544,12
4545,70
4546,34
4547,18
4548,24
4549,4
4550,52
4551,47
4552,10
4553,4
4554,125
4555,4
4556,2
4557,1
4558,2
4559,32
4560,2
4561,30
4562,22
4563,26
4564,2
4565,32
4566,34
4567,16
4568,26
4569,39
4570,24
4571,84
4572,8
4573,2
4574,46
4575,34
4576,22
4577,62
4578,14
4579,26
4580,12
4581,11
4582,4
4583,22
4584,32
4585,18
4586,58
4587,10
4588,8
4589,83
4590,2
4591,50
4592,34
4593,10
4594,16
4595,76
4596,12
4597,20
4598,65
4599,10
4600,16
4601,8
4602,6
4603,42
4604,14
4605,45
4606,6
4607,22
4608,36
4609,20
4610,102
4611,56
4612,6
4613,92
4614,11
4615,10
4616,40
4617,5
4618,8
4619,30
4620,14
4621,68
4622,28
4623,78
4624,2
4625,58
4626,66
4627,10
4628,46
4629,18
4630,8
4631,24
4632,20
4633,94
4634,8
4635,28
4636,8
4637,24
4638,5
4639,22
4640,44
4641,33
4642,16
4643,30
4644,10
4645,64
4646,31
4647,4
4648,12
4649,40
4650,10
4651,22
4652,16
4653,41
4654,34
4655,82
4656,54
4657,8
4658,58
4659,20
4660,16
4661,43
4662,6
4663,18
4664,24
4665,17
4666,44
4667,52
4668,32
4669,42
4670,4
4671,28
4672,18
4673,136
4674,42
4675,12
4676,8
4677,13
4678,16
4679,42
4680,40
4681,12
4682,48
4683,60
4684,6
4685,64
4686,17
4687,4
4688,50
4689,6
4690,4
4691,4
4692,2
4693,1
4694,2
4695,2
4696,5
4697,48
4698,2
4699,44
4700,54
4701,8
4702,12
4703,38
4704,10
4705,28
4706,24
4707,22
4708,21
4709,3
4710,10
4711,16
4712,58
4713,20
4714,92
4715,2
4716,18
4717,58
4718,22
4719,8
4720,125
4721,28
4722,18
4723,44
4724,31
4725,18
4726,12
4727,28
4728,28
4729,64
4730,64
4731,12
4732,99
4733,36
4734,18
4735,86
4736,8
4737,34
4738,2
4739,6
4740,34
4741,6
4742,42
4743,20
4744,33
4745,22
4746,12
4747,30
4748,33
4749,10
4750,54
4751,12
4752,16
4753,26
4754,8
4755,6
4756,9
4757,24
4758,10
4759,20
4760,36
4761,2
4762,112
4763,12
4764,48
4765,64
4766,14
4767,14
4768,28
4769,10
4770,38
4771,18
4772,22
4773,26
4774,8
4775,8
4776,20
4777,152
4778,20
4779,16
4780,48
4781,12
4782,8
4783,30
4784,10
4785,38
4786,52
4787,32
4788,8
4789,34
4790,30
4791,8
4792,119
4793,10
4794,22
4795,40
4796,4
4797,54
4798,6
4799,34
4800,70
4801,34
4802,68
4803,4
4804,90
4805,39
4806,14
4807,64
4808,43
4809,28
4810,28
4811,4
4812,70
4813,30
4814,22
4815,8
4816,45
4817,4
4818,34
4819,26
4820,11
4821,4
4822,20
4823,8
4824,4
4825,128
4826,4
4827,4
4828,84
4829,4
4830,2
4831,1
4832,2
4833,52
4834,2
4835,2
4836,46
4837,2
4838,8
4839,141
4840,2
4841,54
4842,28
4843,25
4844,2
4845,66
4846,14
4847,4
4848,106
4849,32
4850,2
4851,48
4852,20
4853,30
4854,100
4855,7
4856,44
4857,4
4858,2
4859,38
4860,10
4861,58
4862,32
4863,3
4864,6
4865,2
4866,38
4867,57
4868,22
4869,10
4870,8
4871,20
4872,28
4873,56
4874,22
4875,34
4876,26
4877,6
4878,70
4879,24
4880,14
4881,148
4882,10
4883,14
4884,5
4885,16
4886,8
4887,89
4888,16
4889,8
4890,10
4891,38
4892,30
4893,42
4894,34
4895,46
4896,20
4897,36
4898,6
4899,95
4900,2
4901,6
4902,24
4903,27
4904,36
4905,44
4906,36
4907,30
4908,38
4909,38
4910,14
4911,34
4912,6
4913,14
4914,32
4915,27
4916,48
4917,66
4918,24
4919,78
4920,26
4921,12
4922,12
4923,85
4924,6
4925,18
4926,94
4927,46
4928,16
4929,152
4930,22
4931,76
4932,16
4933,34
4934,32
4935,18
4936,80
4937,34
4938,38
4939,71
4940,14
4941,34
4942,10
4943,16
4944,76
4945,6
4946,10
4947,42
4948,5
4949,22
4950,28
4951,19
4952,6
4953,96
4954,20
4955,24
4956,20
4957,18
4958,8
4959,76
4960,34
4961,12
4962,18
4963,32
4964,44
4965,22
4966,60
4967,6
4968,20
4969,4
4970,2
4971,1
4972,2
4973,54
4974,5
4975,22
4976,16
4977,16
4978,34
4979,19
4980,58
4981,6
4982,30
4983,22
4984,10
4985,4
4986,10
4987,14
4988,82
4989,6
4990,38
4991,82
4992,4
4993,14
4994,45
4995,10
4996,6
4997,28
4998,8
4999,14
5000,10
5001,22
5002,4
5003,66
5004,8
5005,10
5006,25
5007,38
5008,54
5009,22
5010,17
5011,10
5012,24
5013,6
5014,26
5015,140
5016,32
5017,4
5018,28
5019,9
5020,50
5021,30
5022,46
5023,14
5024,12
5025,16
5026,62
5027,3
5028,14
5029,6
5030,95
5031,8
5032,22
5033,24
5034,10
5035,12
5036,10
5037,42
5038,4
5039,20
5040,22
5041,2
5042,79
5043,23
5044,6
5045,108
5046,16
5047,48
5048,156
5049,20
5050,84
5051,13
5052,16
5053,18
5054,50
5055,38
5056,26
5057,24
5058,58
5059,16
5060,32
5061,52
5062,10
5063,28
5064,8
5065,4
5066,66
5067,8
5068,46
5069,50
5070,24
5071,42
5072,20
5073,22
5074,30
5075,72
5076,54
5077,4
5078,154
5079,24
5080,18
5081,8
5082,53
5083,42
5084,44
5085,58
5086,16
5087,78
5088,10
5089,4
5090,63
5091,7
5092,22
5093,124
5094,21
5095,4
5096,64
5097,4
5098,70
5099,32
5100,54
5101,4
5102,86
5103,40
5104,4
5105,4
5106,48
5107,4
5108,110
5109,4
5110,4
5111,4
5112,2
5113,1
5114,2
5115,2
5116,2
5117,51
5118,2
5119,72
5120,2
5121,2
5122,38
5123,20
5124,2
5125,17
5126,16
5127,26
5128,2
5129,66
5130,2
5131,22
5132,14
5133,22
5134,26
5135,8
5136,2
5137,109
5138,5
5139,14
5140,104
5141,9
5142,16
5143,22
5144,8
5145,18
5146,32
5147,4
5148,2
5149,92
5150,14
5151,34
5152,58
5153,8
5154,28
5155,86
5156,28
5157,16
5158,62
5159,48
5160,2
5161,81
5162,13
5163,10
5164,30
5165,21
5166,14
5167,6
5168,18
5169,10
5170,33
5171,18
5172,20
5173,11
5174,14
5175,14
5176,20
5177,4
5178,14
5179,78
5180,6
5181,26
5182,58
5183,4
5184,2
5185,74
5186,20
5187,18
5188,36
5189,7
5190,32
5191,10
5192,14
5193,34
5194,11
5195,16
5196,34
5197,24
5198,10
5199,10
5200,58
5201,7
5202,38
5203,48
5204,32
5205,10
5206,22
5207,84
5208,8
5209,33
5210,14
5211,10
5212,90
5213,22
5214,42
5215,48
5216,18
5217,44
5218,38
5219,14
5220,12
5221,80
5222,80
5223,14
5224,60
5225,7
5226,26
5227,54
5228,6
5229,40
5230,10
5231,20
5232,6
5233,7
5234,38
5235,18
5236,16
5237,9
5238,12
5239,44
5240,20
5241,10
5242,38
5243,22
5244,28
5245,55
5246,30
5247,34
5248,10
5249,31
5250,24
5251,50
5252,52
5253,6
5254,108
5255,4
5256,2
5257,1
5258,2
5259,22
5260,5
5261,10
5262,22
5263,14
5264,44
5265,22
5266,26
5267,16
5268,22
5269,48
5270,10
5271,36
5272,26
5273,38
5274,66
5275,14
5276,86
5277,44
5278,40
5279,14
5280,5
5281,17
5282,8
5283,8
5284,50
5285,4
5286,34
5287,12
5288,68
5289,16
5290,18
5291,48
5292,15
5293,78
5294,22
5295,4
5296,10
5297,18
5298,26
5299,16
5300,18
5301,96
5302,18
5303,12
5304,98
5305,6
5306,6
5307,6
5308,63
5309,10
5310,12
5311,16
5312,44
5313,55
5314,30
5315,24
5316,45
5317,4
5318,48
5319,34
5320,35
5321,26
5322,26
5323,22
5324,4
5325,106
5326,72
5327,8
5328,120
5329,2
5330,6
5331,6
5332,34
5333,26
5334,80
5335,20
5336,58
5337,19
5338,28
5339,16
5340,105
5341,58
5342,22
5343,62
5344,5
5345,12
5346,122
5347,16
5348,20
5349,108
5350,8
5351,20
5352,50
5353,19
5354,6
5355,30
5356,23
5357,14
5358,36
5359,12
5360,56
5361,16
5362,30
5363,44
5364,69
5365,40
5366,4
5367,20
5368,63
5369,14
5370,122
5371,50
5372,20
5373,74
5374,12
5375,18
5376,99
5377,17
5378,16
5379,24
5380,18
5381,20
5382,48
5383,14
5384,38
5385,19
5386,30
5387,6
5388,50
5389,30
5390,28
5391,70
5392,19
5393,24
5394,14
5395,8
5396,96
5397,58
5398,60
5399,4
5400,27
5401,4
5402,2
5403,1
5404,2
5405,92
5406,2
5407,36
5408,53
5409,50
5410,8
5411,53
5412,26
5413,10
5414,36
5415,78
5416,18
5417,6
5418,14
5419,38
5420,42
5421,10
5422,20
5423,22
5424,17
5425,8
5426,22
5427,53
5428,10
5429,36
5430,28
5431,26
5432,60
5433,30
5434,22
5435,136
5436,14
5437,4
5438,10
5439,2
5440,34
5441,58
5442,22
5443,58
5444,28
5445,40
5446,6
5447,11
5448,10
5449,14
5450,130
5451,8
5452,14
5453,16
5454,14
5455,10
5456,14
5457,54
5458,28
5459,76
5460,84
5461,12
5462,12
5463,34
5464,22
5465,62
5466,22
5467,88
5468,6
5469,16
5470,6
5471,27
5472,34
5473,8
5474,24
5475,52
5476,2
5477,30
5478,24
5479,68
5480,29
5481,16
5482,10
5483,15
5484,16
5485,28
5486,34
5487,54
5488,30
5489,70
5490,16
5491,12
5492,58
5493,38
5494,8
5495,123
5496,11
5497,38
5498,8
5499,45
5500,54
5501,4
5502,6
5503,20
5504,15
5505,16
5506,8
5507,145
5508,32
5509,26
5510,18
5511,23
5512,20
5513,48
5514,16
5515,6
5516,24
5517,72
5518,14
5519,42
5520,41
5521,4
5522,92
5523,25
5524,24
5525,54
5526,4
5527,86
5528,64
5529,22
5530,36
5531,12
5532,50
5533,8
5534,46
5535,62
5536,4
5537,16
5538,20
5539,12
5540,18
5541,4
5542,8
5543,37
5544,19
5545,4
5546,4
5547,6
5548,4
5549,4
5550,2
5551,1
5552,2
5553,2
5554,5
5555,2
5556,2
5557,40
5558,44
5559,8
5560,2
5561,66
5562,10
5563,50
5564,64
5565,2
5566,117
5567,6
5568,10
5569,36
5570,10
5571,56
5572,80
5573,18
5574,40
5575,2
5576,66
5577,22
5578,79
5579,14
5580,2
5581,28
5582,51
5583,18
5584,138
5585,32
5586,28
5587,32
5588,6
5589,10
5590,54
5591,10
5592,30
5593,34
5594,21
5595,10
5596,72
5597,10
5598,14
5599,69
5600,2
5601,12
5602,28
5603,20
5604,44
5605,12
5606,44
5607,30
5608,14
5609,8
5610,10
5611,126
5612,18
5613,20
5614,89
5615,12
5616,26
5617,100
5618,53
5619,12
5620,26
5621,10
5622,14
5623,22
5624,16
5625,2
5626,109
5627,26
5628,22
5629,14
5630,18
5631,50
5632,60
5633,40
5634,16
5635,58
5636,8
5637,8
5638,11
5639,38
5640,8
5641,26
5642,41
5643,22
5644,30
5645,10
5646,104
5647,9
5648,26
5649,12
5650,10
5651,16
5652,8
5653,44
5654,27
5655,24
5656,30
5657,42
5658,24
5659,14
5660,16
5661,24
5662,93
5663,4
5664,34
5665,24
5666,13
5667,8
5668,12
5669,12
5670,34
5671,26
5672,22
5673,32
5674,55
5675,24
5676,46
5677,20
5678,32
5679,20
5680,60
5681,76
5682,4
5683,116
5684,20
5685,8
5686,114
5687,30
5688,14
5689,56
5690,27
5691,26
5692,12
5693,4
5694,96
5695,19
5696,32
5697,4
5698,88
5699,4
5700,2
5701,1
5702,2
5703,154
5704,2
5705,34
5706,48
5707,44
5708,2
5709,21
5710,36
5711,22
5712,64
5713,22
5714,12
5715,140
5716,8
5717,52
5718,48
5719,2
5720,16
5721,10
5722,6
5723,14
5724,22
5725,63
5726,38
5727,20
5728,64
5729,6
5730,128
5731,36
5732,8
5733,28
5734,6
5735,22
5736,110
5737,11
5738,2
5739,44
5740,20
5741,10
5742,43
5743,26
5744,12
5745,43
5746,20
5747,24
5748,28
5749,27
5750,26
5751,6
5752,22
5753,24
5754,20
5755,36
5756,30
5757,100
5758,35
5759,20
5760,100
5761,3
5762,10
5763,152
5764,18
5765,30
5766,26
5767,30
5768,38
5769,14
5770,50
5771,30
5772,4
5773,73
5774,4
5775,94
5776,2
5777,6
5778,140
5779,16
5780,28
5781,77
5782,7
5783,18
5784,54
5785,77
5786,22
5787,32
5788,42
5789,6
5790,64
5791,70
5792,32
5793,111
5794,18
5795,18
5796,48
5797,44
5798,22
5799,20
5800,12
5801,80
5802,6
5803,64
5804,6
5805,119
5806,11
5807,12
5808,128
5809,12
5810,40
5811,38
5812,6
5813,54
5814,30
5815,30
5816,24
5817,18
5818,38
5819,20
5820,38
5821,41
5822,8
5823,66
5824,10
5825,12
5826,34
5827,12
5828,12
5829,60
5830,15
5831,4
5832,38
5833,58
5834,6
5835,30
5836,6
5837,44
5838,57
5839,4
5840,24
5841,14
5842,4
5843,46
5844,20
5845,50
5846,4
5847,102
5848,66
5849,6
5850,114
5851,4
5852,2
5853,1
5854,2
5855,88
5856,5
5857,12
5858,44
5859,2
5860,68
5861,10
5862,34
5863,2
5864,55
5865,30
5866,2
5867,12
5868,14
5869,34
5870,8
5871,24
5872,74
5873,24
5874,2
5875,16
5876,67
5877,3
5878,8
5879,30
5880,10
5881,14
5882,58
5883,6
5884,86
5885,20
5886,10
5887,16
5888,65
5889,36
5890,8
5891,10
5892,52
5893,18
5894,84
5895,34
5896,10
5897,4
5898,28
5899,14
5900,78
5901,24
5902,18
5903,4
5904,47
5905,44
5906,18
5907,12
5908,16
5909,16
5910,54
5911,30
5912,26
5913,28
5914,6
5915,18
5916,31
5917,14
5918,12
5919,84
5920,14
5921,68
5922,32
5923,16
5924,28
5925,11
5926,14
5927,52
5928,4
5929,2
5930,104
5931,20
5932,96
5933,13
5934,54
5935,8
5936,16
5937,6
5938,20
5939,12
5940,44
5941,14
5942,58
5943,14
5944,30
5945,122
5946,22
5947,26
5948,17
5949,10
5950,18
5951,36
5952,85
5953,14
5954,92
5955,4
5956,58
5957,34
5958,18
5959,12
5960,69
5961,38
5962,24
5963,24
5964,66
5965,10
5966,110
5967,68
5968,4
5969,96
5970,32
5971,12
5972,128
5973,10
5974,24
5975,28
5976,11
5977,14
5978,22
5979,30
5980,62
5981,4
5982,54
5983,8
5984,62
5985,16
5986,10
5987,68
5988,27
5989,12
5990,98
5991,8
5992,34
5993,74
5994,4
5995,4
5996,99
5997,23
5998,6
5999,8
6000,64
6001,4
6002,72
6003,4
6004,4
6005,4
6006,2
6007,1
6008,2
6009,2
6010,2
6011,47
6012,2
6013,122
6014,8
6015,8
6016,88
6017,6
6018,2
6019,2
6020,14
6021,10
6022,14
6023,77
6024,10
6025,20
6026,10
6027,14
6028,82
6029,20
6030,8
6031,47
6032,2
6033,24
6034,24
6035,7
6036,46
6037,46
6038,24
6039,32
6040,14
6041,44
6042,8
6043,113
6044,21
6045,2
6046,124
6047,52
6048,52
6049,58
6050,16
6051,76
6052,23
6053,50
6054,10
6055,23
6056,62
6057,4
6058,2
6059,32
6060,12
6061,78
6062,28
6063,56
6064,38
6065,52
6066,32
6067,29
6068,8
6069,14
6070,24
6071,26
6072,20
6073,8
6074,8
6075,12
6076,37
6077,24
6078,28
6079,14
6080,48
6081,30
6082,6
6083,43
6084,2
6085,102
6086,34
6087,34
6088,106
6089,16
6090,10
6091,136
6092,13
6093,10
6094,100
6095,47
6096,40
6097,40
6098,20
6099,18
6100,5
6101,30
6102,18
6103,38
6104,18
6105,30
6106,18
6107,11
6108,44
6109,50
6110,8
6111,104
6112,54
6113,28
6114,16
6115,80
6116,26
6117,6
6118,150
6119,61
6120,10
6121,132
6122,14
6123,8
6124,6
6125,38
6126,14
6127,11
6128,34
6129,42
6130,22
6131,20
6132,16
6133,158
6134,38
6135,14
6136,62
6137,6
6138,8
6139,93
6140,29
6141,42
6142,32
6143,11
6144,8
6145,36
6146,10
6147,32
6148,62
6149,26
6150,24
6151,31
6152,14
6153,26
6154,22
6155,26
6156,34
6157,20
6158,64
6159,6
6160,28
6161,4
6162,2
6163,1
6164,2
6165,56
6166,5
6167,46
6168,44
6169,10
6170,82
6171,39
6172,10
6173,40
6174,11
6175,16
6176,16
6177,24
6178,45
6179,8
6180,66
6181,30
6182,40
6183,54
6184,44
6185,14
6186,54
6187,9
6188,6
6189,24
6190,81
6191,4
6192,124
6193,12
6194,6
6195,17
6196,28
6197,46
6198,63
6199,18
6200,6
6201,26
6202,80
6203,24
6204,40
6205,44
6206,20
6207,30
6208,52
6209,16
6210,32
6211,4
6212,6
6213,10
6214,4
6215,6
6216,68
6217,38
6218,72
6219,36
6220,42
6221,12
6222,149
6223,24
6224,10
6225,68
6226,9
6227,58
6228,4
6229,34
6230,28
6231,32
6232,20
6233,8
6234,70
6235,14
6236,22
6237,128
6238,45
6239,6
6240,24
6241,2
6242,6
6243,27
6244,54
6245,14
6246,18
6247,54
6248,14
6249,18
6250,71
6251,24
6252,66
6253,56
6254,48
6255,56
6256,10
6257,8
6258,103
6259,20
6260,32
6261,54
6262,32
6263,10
6264,112
6265,18
6266,30
6267,68
6268,6
6269,20
6270,118
6271,8
6272,26
6273,42
6274,51
6275,8
6276,10
6277,52
6278,14
6279,46
6280,64
6281,4
6282,117
6283,23
6284,12
6285,60
6286,20
6287,12
6288,116
6289,4
6290,40
6291,26
6292,46
6293,10
6294,35
6295,102
6296,16
6297,54
6298,34
6299,22
6300,146
6301,4
6302,26
6303,60
6304,16
6305,4
6306,57
6307,18
6308,22
6309,90
6310,67
6311,4
6312,32
6313,4
6314,78
6315,58
6316,4
6317,4
6318,59
6319,4
6320,2
6321,1
6322,2
6323,22
6324,2
6325,2
6326,158
6327,18
6328,2
6329,15
6330,2
6331,14
6332,36
6333,48
6334,12
6335,20
6336,2
6337,12
6338,25
6339,36
6340,2
6341,141
6342,18
6343,6
6344,22
6345,5
6346,18
6347,38
6348,56
6349,86
6350,54
6351,22
6352,2
6353,86
6354,12
6355,10
6356,94
6357,11
6358,16
6359,64
6360,2
6361,44
6362,57
6363,14
6364,24
6365,23
6366,28
6367,8
6368,20
6369,83
6370,18
6371,170
6372,6
6373,8
6374,48
6375,24
6376,24
6377,74
6378,27
6379,30
6380,10
6381,38
6382,40
6383,36
6384,8
6385,40
6386,29
6387,20
6388,16
6389,49
6390,18
6391,48
6392,30
6393,43
6394,10
6395,20
6396,72
6397,42
6398,32
6399,14
6400,2
6401,13
6402,6
6403,14
6404,162
6405,17
6406,6
6407,32
6408,30
6409,32
6410,34
6411,86
6412,10
6413,104
6414,12
6415,18
6416,14
6417,12
6418,14
6419,26
6420,26
6421,36
6422,94
6423,32
6424,30
6425,56
6426,23
6427,4
6428,12
6429,72
6430,10
6431,40
6432,6
6433,28
6434,78
6435,10
6436,34
6437,90
6438,58
6439,24
6440,18
6441,81
6442,26
6443,42
6444,16
6445,12
6446,90
6447,16
6448,16
6449,121
6450,9
6451,16
6452,50
6453,40
6454,4
6455,68
6456,10
6457,58
6458,52
6459,40
6460,10
6461,114
6462,60
6463,4
6464,42
6465,10
6466,50
6467,94
6468,38
6469,12
6470,58
6471,48
6472,4
6473,95
6474,11
6475,4
6476,20
6477,6
6478,4
6479,4
6480,2
6481,1
6482,2
6483,2
6484,5
6485,24
6486,2
6487,54
6488,55
6489,2
6490,34
6491,12
6492,10
6493,8
6494,36
6495,16
6496,101
6497,8
6498,2
6499,18
6500,101
6501,50
6502,48
6503,4
6504,26
6505,19
6506,28
6507,2
6508,134
6509,26
6510,38
6511,24
6512,34
6513,6
6514,60
6515,34
6516,10
6517,14
6518,36
6519,4
6520,16
6521,23
6522,16
6523,32
6524,32
6525,24
6526,76
6527,8
6528,102
6529,21
6530,14
6531,16
6532,42
6533,74
6534,2
6535,6
6536,27
6537,24
6538,150
6539,8
6540,84
6541,10
6542,8
6543,10
6544,39
6545,3
6546,20
6547,78
6548,26
6549,8
6550,6
6551,14
6552,14
6553,66
6554,22
6555,6
6556,37
6557,52
6558,6
6559,32
6560,17
6561,2
6562,14
6563,40
6564,38
6565,114
6566,28
6567,16
6568,29
6569,12
6570,54
6571,88
6572,17
6573,40
6574,48
6575,36
6576,36
6577,44
6578,90
6579,16
6580,139
6581,34
6582,30
6583,8
6584,40
6585,18
6586,38
6587,48
6588,10
6589,6
6590,6
6591,14
6592,103
6593,16
6594,18
6595,110
6596,8
6597,22
6598,172
6599,22
6600,14
6601,15
6602,4
6603,28
6604,14
6605,36
6606,24
6607,10
6608,85
6609,12
6610,114
6611,22
6612,32
6613,174
6614,12
6615,24
6616,40
6617,7
6618,12
6619,64
6620,59
6621,20
6622,100
6623,40
6624,14
6625,32
6626,12
6627,6
6628,107
6629,10
6630,46
6631,44
6632,38
6633,60
6634,30
6635,8
6636,66
6637,80
6638,68
6639,4
6640,70
6641,4
6642,2
6643,1
6644,2
6645,24
6646,2
6647,84
6648,27
6649,38
6650,8
6651,103
6652,10
6653,24
6654,66
6655,49
6656,22
6657,40
6658,14
6659,44
6660,74
6661,22
6662,18
6663,30
6664,43
6665,8
6666,48
6667,9
6668,36
6669,14
6670,20
6671,46
6672,46
6673,12
6674,44
6675,9
6676,18
6677,44
6678,8
6679,53
6680,12
6681,130
6682,40
6683,2
6684,24
6685,18
6686,6
6687,138
6688,5
6689,6
6690,70
6691,16
6692,8
6693,52
6694,10
6695,72
6696,31
6697,6
6698,20
6699,127
6700,8
6701,6
6702,64
6703,40
6704,18
6705,40
6706,46
6707,38
6708,28
6709,28
6710,18
6711,71
6712,28
6713,8
6714,132
6715,8
6716,4
6717,92
6718,6
6719,100
6720,50
6721,38
6722,8
6723,4
6724,2
6725,6
6726,26
6727,6
6728,6
6729,72
6730,12
6731,30
6732,112
6733,18
6734,12
6735,41
6736,8
6737,18
6738,6
6739,34
6740,18
6741,52
6742,42
6743,22
6744,85
6745,42
6746,24
6747,161
6748,18
6749,18
6750,8
6751,47
6752,6
6753,18
6754,86
6755,24
6756,48
6757,14
6758,12
6759,123
6760,18
6761,20
6762,32
6763,19
6764,22
6765,80
6766,20
6767,20
6768,5
6769,18
6770,26
6771,44
6772,8
6773,18
6774,6
6775,53
6776,26
6777,90
6778,32
6779,94
6780,36
6781,40
6782,16
6783,51
6784,17
6785,18
6786,8
6787,27
6788,18
6789,120
6790,14
6791,30
6792,62
6793,26
6794,28
6795,60
6796,28
6797,50
6798,24
6799,76
6800,10
6801,106
6802,66
6803,6
6804,18
6805,4
6806,2
6807,1
6808,2
6809,80
6810,5
6811,40
6812,22
6813,32
6814,22
6815,50
6816,58
6817,8
6818,10
6819,10
6820,12
6821,72
6822,16
6823,68
6824,62
6825,6
6826,10
6827,50
6828,76
6829,20
6830,116
6831,20
6832,16
6833,18
6834,63
6835,18
6836,28
6837,18
6838,62
6839,39
6840,10
6841,10
6842,27
6843,52
6844,10
6845,38
6846,19
6847,4
6848,72
6849,58
6850,18
6851,150
6852,14
6853,14
6854,82
6855,27
6856,54
6857,12
6858,30
6859,6
6860,20
6861,4
6862,6
6863,18
6864,38
6865,26
6866,17
6867,6
6868,26
6869,30
6870,5
6871,24
6872,42
6873,12
6874,48
6875,12
6876,88
6877,8
6878,121
6879,14
6880,6
6881,130
6882,24
6883,24
6884,108
6885,6
6886,46
6887,5
6888,58
6889,2
6890,90
6891,44
6892,12
6893,60
6894,45
6895,38
6896,76
6897,14
6898,20
6899,94
6900,64
6901,8
6902,52
6903,30
6904,10
6905,108
6906,5
6907,30
6908,116
6909,10
6910,16
6911,9
6912,12
6913,26
6914,33
6915,38
6916,30
6917,4
6918,77
6919,34
6920,42
6921,8
6922,30
6923,10
6924,12
6925,8
6926,128
6927,17
6928,14
6929,86
6930,9
6931,4
6932,22
6933,50
6934,56
6935,8
6936,30
6937,16
6938,82
6939,60
6940,42
6941,8
6942,13
6943,22
6944,94
6945,4
6946,18
6947,32
6948,12
6949,4
6950,39
6951,43
6952,4
6953,160
6954,58
6955,8
6956,152
6957,8
6958,94
6959,4
6960,46
6961,4
6962,21
6963,38
6964,8
6965,4
6966,4
6967,4
6968,16
6969,4
6970,4
6971,4
6972,2
6973,1
6974,2
6975,2
6976,2
6977,34
6978,2
6979,2
6980,2
6981,8
6982,57
6983,26
6984,2
6985,123
6986,2
6987,54
6988,8
6989,50
6990,10
6991,50
6992,26
6993,2
6994,94
6995,52
6996,2
6997,78
6998,15
6999,22
7000,2
7001,15
7002,48
7003,46
7004,8
7005,38
7006,15
7007,24
7008,8
7009,29
7010,42
7011,6
7012,64
7013,36
7014,2
7015,76
7016,14
7017,24
7018,50
7019,44
7020,8
7021,24
7022,18
7023,4
7024,86
7025,27
7026,16
7027,72
7028,2
7029,58
7030,79
7031,38
7032,40
7033,18
7034,44
7035,8
7036,18
7037,89
7038,22
7039,46
7040,22
7041,36
7042,16
7043,44
7044,10
7045,107
7046,20
7047,22
7048,92
7049,10
7050,24
7051,44
7052,16
7053,4
7054,42
7055,22
7056,2
7057,77
7058,66
7059,22
7060,34
7061,18
7062,40
7063,36
7064,16
7065,114
7066,28
7067,96
7068,8
7069,94
7070,28
7071,24
7072,146
7073,12
7074,30
7075,152
7076,14
7077,22
7078,69
7079,12
7080,40
7081,73
7082,76
7083,26
7084,8
7085,74
7086,28
7087,46
7088,30
7089,60
7090,46
7091,16
7092,14
7093,119
7094,9
7095,66
7096,28
7097,14
7098,10
7099,54
7100,30
7101,32
7102,53
7103,42
7104,28
7105,72
7106,36
7107,4
7108,22
7109,59
7110,16
7111,52
7112,24
7113,60
7114,66
7115,40
7116,8
7117,124
7118,9
7119,30
7120,122
7121,12
7122,18
7123,104
7124,4
7125,84
7126,22
7127,74
7128,6
7129,11
7130,84
7131,4
7132,32
7133,54
7134,16
7135,170
7136,4
7137,6
7138,24
7139,4
7140,2
7141,1
7142,2
7143,24
7144,5
7145,2
7146,42
7147,6
7148,60
7149,12
7150,2
7151,30
7152,75
7153,4
7154,26
7155,30
7156,35
7157,2
7158,90
7159,16
7160,10
7161,156
7162,48
7163,10
7164,48
7165,13
7166,42
7167,8
7168,53
7169,24
7170,56
7171,34
7172,22
7173,46
7174,2
7175,12
7176,87
7177,12
7178,42
7179,72
7180,19
7181,14
7182,38
7183,30
7184,76
7185,58
7186,26
7187,18
7188,24
7189,43
7190,8
7191,68
7192,60
7193,24
7194,12
7195,4
7196,92
7197,6
7198,38
7199,62
7200,46
7201,78
7202,10
7203,52
7204,18
7205,32
7206,82
7207,44
7208,10
7209,92
7210,20
7211,4
7212,95
7213,8
7214,38
7215,10
7216,18
7217,58
7218,62
7219,10
7220,50
7221,21
7222,46
7223,4
7224,57
7225,2
7226,6
7227,46
7228,34
7229,16
7230,6
7231,50
7232,18
7233,102
7234,20
7235,10
7236,111
7237,16
7238,46
7239,164
7240,7
7241,34
7242,44
7243,16
7244,58
7245,7
7246,22
7247,12
7248,99
7249,22
7250,12
7251,40
7252,24
7253,44
7254,6
7255,36
7256,112
7257,96
7258,20
7259,20
7260,33
7261,38
7262,10
7263,48
7264,67
7265,8
7266,156
7267,28
7268,4
7269,85
7270,16
7271,14
7272,126
7273,18
7274,8
7275,24
7276,34
7277,16
7278,46
7279,34
7280,40
7281,70
7282,20
7283,18
7284,123
7285,20
7286,18
7287,48
7288,31
7289,12
7290,10
7291,34
7292,44
7293,10
7294,42
7295,8
7296,42
7297,62
7298,8
7299,30
7300,34
7301,50
7302,10
7303,8
7304,100
7305,42
7306,34
7307,4
7308,117
7309,4
7310,2
7311,1
7312,2
7313,52
7314,2
7315,110
7316,31
7317,26
7318,8
7319,24
7320,10
7321,36
7322,64
7323,52
7324,6
7325,146
7326,14
7327,4
7328,78
7329,4
7330,20
7331,105
7332,13
7333,18
7334,24
7335,29
7336,32
7337,12
7338,28
7339,6
7340,6
7341,26
7342,38
7343,94
7344,26
7345,50
7346,20
7347,43
7348,20
7349,54
7350,40
7351,12
7352,100
7353,2
7354,6
7355,36
7356,25
7357,10
7358,42
7359,38
7360,14
7361,46
7362,12
7363,8
7364,7
7365,42
7366,14
7367,8
7368,72
7369,6
7370,18
7371,47
7372,14
7373,66
7374,22
7375,30
7376,34
7377,32
7378,8
7379,3
7380,31
7381,10
7382,60
7383,24
7384,6
7385,28
7386,28
7387,10
7388,37
7389,8
7390,24
7391,85
7392,70
7393,10
7394,14
7395,15
7396,2
7397,52
7398,112
7399,46
7400,40
7401,64
7402,8
7403,133
7404,8
7405,14
7406,114
7407,42
7408,20
7409,56
7410,18
7411,16
7412,62
7413,82
7414,36
7415,73
7416,30
7417,16
7418,10
7419,16
7420,54
7421,98
7422,38
7423,62
7424,8
7425,4
7426,6
7427,18
7428,6
7429,26
7430,144
7431,11
7432,18
7433,60
7434,12
7435,36
7436,17
7437,50
7438,20
7439,56
7440,30
7441,18
7442,10
7443,93
7444,14
7445,32
7446,16
7447,8
7448,144
7449,10
7450,14
7451,23
7452,9
7453,34
7454,4
7455,29
7456,22
7457,54
7458,8
7459,30
7460,64
7461,66
7462,16
7463,157
7464,44
7465,12
7466,40
7467,22
7468,54
7469,60
7470,66
7471,12
7472,58
7473,40
7474,6
7475,151
7476,30
7477,4
7478,68
7479,6
7480,4
7481,4
7482,2
7483,1
7484,2
7485,2
7486,5
7487,26
7488,2
7489,78
7490,35
7491,8
7492,32
7493,12
7494,10
7495,16
7496,72
7497,20
7498,11
7499,28
7500,10
7501,4
7502,23
7503,6
7504,24
7505,10
7506,60
7507,61
7508,14
7509,44
7510,110
7511,2
7512,30
7513,10
7514,18
7515,14
7516,102
7517,6
7518,28
7519,194
7520,28
7521,8
7522,130
7523,3
7524,18
7525,32
7526,42
7527,34
7528,68
7529,8
7530,86
7531,23
7532,14
7533,22
7534,137
7535,22
7536,14
7537,38
7538,26
7539,20
7540,2
7541,12
7542,68
7543,22
7544,44
7545,20
7546,39
7547,42
7548,20
7549,18
7550,40
7551,8
7552,44
7553,8
7554,30
7555,39
7556,10
7557,6
7558,12
7559,88
7560,30
7561,32
7562,71
7563,4
7564,66
7565,54
7566,46
7567,82
7568,4
7569,2
7570,42
7571,6
7572,12
7573,80
7574,84
7575,36
7576,18
7577,28
7578,6
7579,10
7580,14
7581,10
7582,55
7583,12
7584,14
7585,14
7586,21
7587,10
7588,54
7589,26
7590,58
7591,32
7592,40
7593,20
7594,153
7595,12
7596,22
7597,58
7598,10
7599,24
7600,124
7601,20
7602,36
7603,10
7604,38
7605,40
7606,108
7607,20
7608,20
7609,22
7610,60
7611,38
7612,130
7613,4
7614,62
7615,90
7616,40
7617,22
7618,10
7619,39
7620,10
7621,56
7622,11
7623,14
7624,18
7625,8
7626,60
7627,40
7628,26
7629,14
7630,21
7631,30
7632,6
7633,22
7634,26
7635,4
7636,142
7637,40
7638,48
7639,44
7640,40
7641,4
7642,132
7643,13
7644,46
7645,110
7646,4
7647,58
7648,10
7649,4
7650,84
7651,21
7652,38
7653,4
7654,99
7655,4
7656,2
7657,1
7658,2
7659,36
7660,2
7661,10
7662,58
7663,40
7664,2
7665,35
7666,31
7667,2
7668,42
7669,13
7670,48
7671,148
7672,2
7673,18
7674,17
7675,24
7676,52
7677,67
7678,2
7679,44
7680,38
7681,26
7682,8
7683,90
7684,6
7685,44
7686,6
7687,28
7688,8
7689,48
7690,32
7691,4
7692,22
7693,72
7694,14
7695,30
7696,16
7697,38
7698,6
7699,20
7700,2
7701,111
7702,10
7703,4
7704,56
7705,51
7706,16
7707,64
7708,18
7709,32
7710,34
7711,42
7712,10
7713,67
7714,18
7715,6
7716,140
7717,18
7718,56
7719,48
7720,20
7721,48
7722,28
7723,34
7724,12
7725,56
7726,106
7727,12
7728,12
7729,5
7730,26
7731,74
7732,8
7733,56
7734,36
7735,64
7736,18
7737,15
7738,20
7739,30
7740,12
7741,23
7742,6
7743,44
7744,2
7745,6
7746,77
7747,42
7748,48
7749,33
7750,28
7751,18
7752,12
7753,89
7754,22
7755,26
7756,24
7757,10
7758,46
7759,6
7760,24
7761,144
7762,5
7763,36
7764,56
7765,57
7766,14
7767,88
7768,44
7769,50
7770,11
7771,26
7772,12
7773,8
7774,6
7775,46
7776,60
7777,34
7778,6
7779,86
7780,12
7781,22
7782,26
7783,12
7784,20
7785,9
7786,20
7787,20
7788,70
7789,13
7790,8
7791,64
7792,10
7793,6
7794,56
7795,14
7796,20
7797,14
7798,76
7799,12
7800,26
7801,60
7802,34
7803,8
7804,18
7805,22
7806,118
7807,20
7808,10
7809,23
7810,16
7811,30
7812,6
7813,89
7814,28
7815,24
7816,20
7817,24
7818,42
7819,70
7820,32
7821,122
7822,12
7823,14
7824,24
7825,27
7826,64
7827,42
7828,56
7829,6
7830,70
7831,4
7832,2
7833,1
7834,2
7835,88
7836,5
7837,24
7838,64
7839,16
7840,92
7841,13
7842,12
7843,10
7844,101
7845,64
7846,18
7847,10
7848,33
7849,4
7850,38
7851,38
7852,78
7853,16
7854,22
7855,14
7856,58
7857,21
7858,42
7859,20
7860,17
7861,8
7862,136
7863,10
7864,44
7865,10
7866,12
7867,8
7868,16
7869,18
7870,26
7871,32
7872,66
7873,34
7874,58
7875,10
7876,10
7877,6
7878,8
7879,10
7880,63
7881,17
7882,42
7883,86
7884,4
7885,46
7886,24
7887,38
7888,62
7889,41
7890,30
7891,4
7892,182
7893,22
7894,20
7895,12
7896,27
7897,50
7898,42
7899,46
7900,48
7901,26
7902,60
7903,12
7904,65
7905,10
7906,10
7907,152
7908,10
7909,22
7910,22
7911,24
7912,42
7913,24
7914,26
7915,18
7916,15
7917,70
7918,10
7919,12
7920,93
7921,2
7922,150
7923,64
7924,54
7925,84
7926,10
7927,28
7928,39
7929,22
7930,28
7931,12
7932,17
7933,22
7934,8
7935,12
7936,12
7937,79
7938,22
7939,8
7940,64
7941,22
7942,58
7943,44
7944,32
7945,30
7946,54
7947,32
7948,36
7949,130
7950,80
7951,4
7952,58
7953,23
7954,20
7955,172
7956,34
7957,16
7958,40
7959,20
7960,14
7961,20
7962,10
7963,16
7964,87
7965,94
7966,4
7967,36
7968,24
7969,14
7970,14
7971,8
7972,136
7973,54
7974,26
7975,4
7976,55
7977,19
7978,14
7979,110
7980,17
7981,4
7982,56
7983,16
7984,16
7985,10
7986,6
7987,8
7988,27
7989,16
7990,66
7991,4
7992,59
7993,4
7994,10
7995,6
7996,4
7997,108
7998,52
7999,4
8000,155
8001,4
8002,4
8003,8
8004,45
8005,4
8006,4
8007,4
8008,4
8009,4
8010,2
8011,1
8012,2
8013,2
8014,2
8015,2
8016,2
8017,50
8018,8
8019,2
8020,2
8021,76
8022,2
8023,14
8024,34
8025,2
8026,14
8027,43
8028,2
8029,32
8030,2
8031,18
8032,70
8033,34
8034,8
8035,11
8036,8
8037,14
8038,28
8039,84
8040,2
8041,58
8042,24
8043,52
8044,76
8045,32
8046,2
8047,80
8048,14
8049,26
8050,8
8051,94
8052,6
8053,72
8054,34
8055,2
8056,21
8057,42
8058,10
8059,34
8060,12
8061,12
8062,70
8063,20
8064,14
8065,36
8066,96
8067,50
8068,100
8069,28
8070,2
8071,123
8072,10
8073,34
8074,28
8075,8
8076,50
8077,124
8078,26
8079,44
8080,26
8081,94
8082,8
8083,44
8084,38
8085,14
8086,44
8087,17
8088,18
8089,122
8090,14
8091,36
8092,58
8093,8
8094,12
8095,5
8096,35
8097,46
8098,40
8099,76
8100,2
8101,164
8102,48
8103,74
8104,20
8105,8
8106,44
8107,18
8108,70
8109,56
8110,10
8111,66
8112,36
8113,38
8114,52
8115,38
8116,96
8117,16
8118,14
8119,145
8120,17
8121,14
8122,130
8123,72
8124,40
8125,44
8126,14
8127,26
8128,40
8129,94
8130,8
8131,111
8132,48
8133,30
8134,6
8135,24
8136,28
8137,18
8138,6
8139,12
8140,50
8141,72
8142,22
8143,133
8144,38
8145,12
8146,42
8147,51
8148,20
8149,30
8150,16
8151,58
8152,29
8153,82
8154,14
8155,17
8156,14
8157,38
8158,56
8159,25
8160,18
8161,84
8162,44
8163,12
8164,196
8165,4
8166,16
8167,96
8168,20
8169,42
8170,30
8171,90
8172,42
8173,72
8174,22
8175,18
8176,33
8177,4
8178,4
8179,181
8180,22
8181,56
8182,26
8183,43
8184,4
8185,64
8186,26
8187,6
8188,130
8189,4
8190,2
8191,1
8192,2
8193,72
8194,5
8195,32
8196,100
8197,2
8198,26
8199,29
8200,50
8201,38
8202,91
8203,2
8204,2
8205,30
8206,67
8207,34
8208,20
8209,24
8210,58
8211,24
8212,34
8213,32
8214,24
8215,10
8216,2
8217,14
8218,10
8219,24
8220,12
8221,16
8222,30
8223,77
8224,30
8225,20
8226,131
8227,44
8228,22
8229,28
8230,5
8231,4
8232,30
8233,10
8234,6
8235,52
8236,30
8237,14
8238,137
8239,18
8240,66
8241,144
8242,10
8243,64
8244,12
8245,34
8246,30
8247,50
8248,12
8249,6
8250,44
8251,6
8252,8
8253,22
8254,25
8255,34
8256,26
8257,52
8258,36
8259,60
8260,36
8261,16
8262,113
8263,3
8264,28
8265,42
8266,4
8267,22
8268,80
8269,6
8270,84
8271,23
8272,10
8273,16
8274,74
8275,18
8276,34
8277,44
8278,99
8279,8
8280,54
8281,2
8282,6
8283,34
8284,26
8285,36
8286,89
8287,16
8288,24
8289,44
8290,15
8291,12
8292,58
8293,40
8294,18
8295,18
8296,58
8297,36
8298,129
8299,36
8300,34
8301,14
8302,18
8303,66
8304,40
8305,24
8306,32
8307,16
8308,16
8309,8
8310,152
8311,38
8312,6
8313,6
8314,18
8315,10
8316,22
8317,34
8318,114
8319,23
8320,36
8321,16
8322,88
8323,40
8324,6
8325,52
8326,34
8327,4
8328,146
8329,12
8330,44
8331,86
8332,68
8333,24
8334,57
8335,10
8336,8
8337,36
8338,77
8339,22
8340,132
8341,12
8342,58
8343,82
8344,10
8345,34
8346,14
8347,10
8348,22
8349,34
8350,4
8351,16
8352,94
8353,68
8354,34
8355,48
8356,12
8357,8
8358,70
8359,13
8360,30
8361,94
8362,76
8363,34
8364,16
8365,4
8366,84
8367,41
8368,34
8369,4
8370,29
8371,4
8372,2
8373,1
8374,2
8375,130
8376,2
8377,64
8378,20
8379,34
8380,2
8381,6
8382,44
8383,20
8384,56
8385,52
8386,28
8387,16
8388,8
8389,50
8390,44
8391,14
8392,24
8393,87
8394,90
8395,2
8396,50
8397,24
8398,4
8399,74
8400,24
8401,12
8402,48
8403,32
8404,8
8405,49
8406,12
8407,34
8408,50
8409,9
8410,20
8411,18
8412,40
8413,6
8414,89
8415,20
8416,10
8417,154
8418,2
8419,30
8420,24
8421,51
8422,26
8423,16
8424,82
8425,6
8426,42
8427,16
8428,6
8429,145
8430,19
8431,14
8432,108
8433,8
8434,28
8435,104
8436,14
8437,104
8438,11
8439,22
8440,10
8441,38
8442,22
8443,28
8444,8
8445,69
8446,6
8447,30
8448,12
8449,58
8450,124
8451,8
8452,28
8453,9
8454,6
8455,4
8456,106
8457,24
8458,8
8459,100
8460,18
8461,54
8462,34
8463,4
8464,2
8465,28
8466,36
8467,58
8468,24
8469,80
8470,30
8471,130
8472,70
8473,38
8474,138
8475,20
8476,8
8477,14
8478,25
8479,20
8480,40
8481,37
8482,48
8483,52
8484,44
8485,84
8486,22
8487,48
8488,10
8489,23
8490,18
8491,46
8492,50
8493,12
8494,14
8495,4
8496,12
8497,18
8498,58
8499,38
8500,16
8501,57
8502,42
8503,20
8504,80
8505,7
8506,30
8507,92
8508,20
8509,18
8510,18
8511,6
8512,32
8513,12
8514,38
8515,18
8516,48
8517,59
8518,10
8519,96
8520,6
8521,6
8522,90
8523,40
8524,28
8525,108
8526,4
8527,22
8528,28
8529,30
8530,36
8531,32
8532,12
8533,40
8534,74
8535,42
8536,16
8537,47
8538,22
8539,8
8540,26
8541,40
8542,28
8543,18
8544,12
8545,12
8546,30
8547,32
8548,8
8549,123
8550,11
8551,4
8552,122
8553,6
8554,4
8555,4
8556,2
8557,1
8558,2
8559,2
8560,5
8561,100
8562,2
8563,74
8564,48
8565,8
8566,72
8567,26
8568,10
8569,50
8570,32
8571,10
8572,51
8573,40
8574,10
8575,64
8576,29
8577,18
8578,16
8579,8
8580,34
8581,84
8582,34
8583,34
8584,117
8585,34
8586,20
8587,2
8588,83
8589,38
8590,10
8591,64
8592,28
8593,44
8594,8
8595,10
8596,25
8597,10
8598,58
8599,6
8600,39
8601,20
8602,32
8603,44
8604,22
8605,55
8606,78
8607,16
8608,30
8609,32
8610,36
8611,28
8612,14
8613,62
8614,14
8615,4
8616,108
8617,4
8618,2
8619,6
8620,33
8621,19
8622,6
8623,160
8624,16
8625,16
8626,196
8627,6
8628,40
8629,36
8630,16
8631,54
8632,18
8633,102
8634,30
8635,50
8636,30
8637,26
8638,46
8639,20
8640,38
8641,60
8642,8
8643,8
8644,121
8645,4
8646,26
8647,34
8648,57
8649,2
8650,48
8651,38
8652,6
8653,87
8654,38
8655,68
8656,22
8657,26
8658,66
8659,64
8660,45
8661,70
8662,14
8663,38
8664,12
8665,64
8666,58
8667,8
8668,5
8669,10
8670,14
8671,68
8672,45
8673,64
8674,42
8675,14
8676,10
8677,37
8678,42
8679,22
8680,10
8681,10
8682,16
8683,42
8684,26
8685,8
8686,202
8687,16
8688,108
8689,32
8690,56
8691,26
8692,64
8693,12
8694,24
8695,74
8696,4
8697,6
8698,62
8699,16
8700,88
8701,15
8702,28
8703,30
8704,86
8705,30
8706,6
8707,32
8708,28
8709,26
8710,22
8711,38
8712,38
8713,10
8714,64
8715,18
8716,144
8717,20
8718,10
8719,84
8720,64
8721,38
8722,8
8723,16
8724,84
8725,38
8726,42
8727,8
8728,177
8729,14
8730,16
8731,88
8732,25
8733,46
8734,28
8735,8
8736,22
8737,34
8738,104
8739,4
8740,74
8741,4
8742,2
8743,1
8744,2
8745,156
8746,2
8747,22
8748,67
8749,18
8750,8
8751,26
8752,48
8753,16
8754,18
8755,93
8756,20
8757,58
8758,14
8759,24
8760,6
8761,4
8762,22
8763,53
8764,30
8765,34
8766,48
8767,19
8768,6
8769,28
8770,40
8771,6
8772,46
8773,54
8774,26
8775,140
8776,46
8777,58
8778,26
8779,58
8780,12
8781,62
8782,18
8783,30
8784,26
8785,40
8786,12
8787,128
8788,9
8789,2
8790,62
8791,17
8792,34
8793,112
8794,8
8795,104
8796,6
8797,28
8798,20
8799,107
8800,68
8801,14
8802,68
8803,18
8804,30
8805,6
8806,8
8807,52
8808,110
8809,20
8810,16
8811,11
8812,9
8813,38
8814,76
8815,8
8816,16
8817,34
8818,6
8819,78
8820,66
8821,42
8822,52
8823,41
8824,26
8825,52
8826,6
8827,72
8828,44
8829,54
8830,32
8831,4
8832,184
8833,24
8834,4
8835,143
8836,2
8837,6
8838,6
8839,73
8840,26
8841,56
8842,50
8843,6
8844,21
8845,24
8846,24
8847,207
8848,12
8849,18
8850,14
8851,15
8852,6
8853,84
8854,66
8855,12
8856,70
8857,60
8858,12
8859,112
8860,50
8861,32
8862,144
8863,12
8864,44
8865,68
8866,12
8867,58
8868,6
8869,46
8870,10
8871,54
8872,90
8873,18
8874,30
8875,103
8876,8
8877,158
8878,40
8879,22
8880,30
8881,12
8882,12
8883,102
8884,54
8885,10
8886,38
8887,66
8888,18
8889,56
8890,46
8891,52
8892,55
8893,4
8894,16
8895,77
8896,14
8897,60
8898,14
8899,42
8900,50
8901,32
8902,22
8903,92
8904,22
8905,36
8906,14
8907,137
8908,24
8909,20
8910,20
8911,12
8912,4
8913,68
8914,16
8915,24
8916,21
8917,94
8918,38
8919,131
8920,66
8921,4
8922,24
8923,52
8924,12
8925,78
8926,4
8927,6
8928,42
8929,4
8930,2
8931,1
8932,2
8933,34
8934,5
8935,2
8936,98
8937,10
8938,40
8939,27
8940,2
8941,20
8942,64
8943,48
8944,22
8945,26
8946,83
8947,10
8948,98
8949,2
8950,10
8951,170
8952,26
8953,6
8954,15
8955,7
8956,26
8957,16
8958,70
8959,48
8960,60
8961,32
8962,74
8963,28
8964,66
8965,22
8966,29
8967,6
8968,2
8969,38
8970,36
8971,48
8972,98
8973,56
8974,124
8975,62
8976,32
8977,8
8978,40
8979,19
8980,14
8981,50
8982,20
8983,18
8984,24
8985,22
8986,10
8987,38
8988,26
8989,22
8990,10
8991,4
8992,4
8993,4
8994,11
8995,24
8996,170
8997,38
8998,10
8999,50
9000,16
9001,18
9002,128
9003,31
9004,24
9005,12
9006,10
9007,18
9008,100
9009,38
9010,30
9011,29
9012,16
9013,18
9014,69
9015,28
9016,66
9017,10
9018,22
9019,18
9020,42
9021,22
9022,68
9023,22
9024,18
9025,2
9026,138
9027,36
9028,38
9029,130
9030,41
9031,40
9032,104
9033,14
9034,56
9035,42
9036,38
9037,28
9038,29
9039,76
9040,14
9041,92
9042,57
9043,22
9044,48
9045,26
9046,36
9047,74
9048,8
9049,12
9050,36
9051,27
9052,12
9053,96
9054,20
9055,24
9056,52
9057,4
9058,24
9059,24
9060,8
9061,10
9062,117
9063,22
9064,22
9065,26
9066,79
9067,38
9068,36
9069,56
9070,22
9071,24
9072,32
9073,4
9074,59
9075,10
9076,30
9077,126
9078,29
9079,34
9080,72
9081,14
9082,22
9083,27
9084,46
9085,12
9086,37
9087,52
9088,38
9089,4
9090,32
9091,78
9092,62
9093,70
9094,102
9095,64
9096,10
9097,4
9098,57
9099,47
9100,24
9101,28
9102,5
9103,12
9104,180
9105,4
9106,118
9107,58
9108,38
9109,4
9110,18
9111,82
9112,6
9113,4
9114,75
9115,4
9116,54
9117,4
9118,4
9119,4
9120,2
9121,1
9122,2
9123,2
9124,2
9125,31
9126,2
9127,68
9128,2
9129,8
9130,90
9131,74
9132,2
9133,26
9134,18
9135,16
9136,2
9137,64
9138,10
9139,6
9140,50
9141,38
9142,42
9143,88
9144,2
9145,167
9146,17
9147,12
9148,196
9149,50
9150,16
9151,52
9152,2
9153,120
9154,21
9155,28
9156,8
9157,16
9158,36
9159,26
9160,50
9161,45
9162,38
9163,62
9164,28
9165,30
9166,64
9167,22
9168,2
9169,31
9170,8
9171,30
9172,38
9173,14
9174,26
9175,32
9176,12
9177,32
9178,67
9179,12
9180,68
9181,43
9182,12
9183,60
9184,2
9185,23
9186,6
9187,142
9188,36
9189,14
9190,182
9191,24
9192,10
9193,22
9194,5
9195,14
9196,18
9197,3
9198,8
9199,26
9200,24
9201,66
9202,35
9203,38
9204,6
9205,14
9206,34
9207,14
9208,102
9209,5
9210,16
9211,82
9212,12
9213,44
9214,30
9215,108
9216,2
9217,72
9218,14
9219,16
9220,32
9221,66
9222,54
9223,164
9224,18
9225,8
9226,8
9227,10
9228,16
9229,7
9230,8
9231,26
9232,18
9233,78
9234,16
9235,8
9236,66
9237,48
9238,74
9239,44
9240,20
9241,111
9242,8
9243,30
9244,12
9245,23
9246,40
9247,104
9248,8
9249,6
9250,96
9251,24
9252,20
9253,173
9254,16
9255,56
9256,12
9257,64
9258,72
9259,48
9260,84
9261,48
9262,68
9263,12
9264,8
9265,82
9266,8
9267,18
9268,54
9269,29
9270,22
9271,30
9272,30
9273,88
9274,43
9275,10
9276,6
9277,60
9278,44
9279,42
9280,84
9281,71
9282,10
9283,6
9284,14
9285,54
9286,30
9287,18
9288,14
9289,61
9290,32
9291,24
9292,132
9293,15
9294,20
9295,164
9296,28
9297,24
9298,8
9299,52
9300,12
9301,123
9302,32
9303,18
9304,24
9305,30
9306,54
9307,150
9308,32
9309,6
9310,132
9311,4
9312,2
9313,1
9314,2
9315,18
9316,5
9317,22
9318,18
9319,26
9320,38
9321,19
9322,22
9323,16
9324,157
9325,6
9326,26
9327,34
9328,10
9329,62
9330,38
9331,14
9332,48
9333,4
9334,16
9335,14
9336,111
9337,7
9338,4
9339,28
9340,41
9341,20
9342,156
9343,12
9344,104
9345,13
9346,12
9347,58
9348,54
9349,34
9350,18
9351,6
9352,66
9353,6
9354,88
9355,32
9356,8
9357,106
9358,8
9359,16
9360,74
9361,7
9362,62
9363,8
9364,119
9365,10
9366,120
9367,18
9368,58
9369,75
9370,10
9371,24
9372,84
9373,18
9374,12
9375,12
9376,73
9377,6
9378,64
9379,32
9380,12
9381,60
9382,24
9383,14
9384,126
9385,28
9386,14
9387,124
9388,12
9389,32
9390,80
9391,22
9392,114
9393,4
9394,78
9395,12
9396,114
9397,54
9398,12
9399,86
9400,39
9401,28
9402,40
9403,14
9404,112
9405,132
9406,4
9407,6
9408,4
9409,2
9410,6
9411,118
9412,27
9413,6
9414,148
9415,10
9416,46
9417,76
9418,14
9419,6
9420,38
9421,56
9422,36
9423,16
9424,81
9425,32
9426,14
9427,110
9428,12
9429,38
9430,20
9431,32
9432,89
9433,19
9434,54
9435,76
9436,39
9437,18
9438,88
9439,44
9440,30
9441,70
9442,6
9443,14
9444,84
9445,36
9446,38
9447,34
9448,46
9449,26
9450,78
9451,8
9452,128
9453,24
9454,24
9455,26
9456,9
9457,8
9458,4
9459,178
9460,74
9461,26
9462,30
9463,8
9464,82
9465,66
9466,42
9467,68
9468,11
9469,64
9470,32
9471,14
9472,82
9473,10
9474,46
9475,50
9476,92
9477,154
9478,24
9479,4
9480,55
9481,7
9482,22
9483,48
9484,10
9485,32
9486,34
9487,48
9488,50
9489,13
9490,66
9491,6
9492,116
9493,4
9494,18
9495,32
9496,25
9497,26
9498,16
9499,8
9500,4
9501,108
9502,44
9503,4
9504,173
9505,4
9506,2
9507,1
9508,2
9509,40
9510,2
9511,88
9512,44
9513,2
9514,8
9515,31
9516,14
9517,24
9518,50
9519,50
9520,2
9521,206
9522,14
9523,102
9524,54
9525,56
9526,22
9527,48
9528,43
9529,30
9530,20
9531,97
9532,10
9533,116
9534,2
9535,34
9536,5
9537,6
9538,24
9539,120
9540,30
9541,28
9542,6
9543,86
9544,28
9545,134
9546,44
9547,14
9548,30
9549,30
9550,20
9551,139
9552,16
9553,22
9554,36
9555,2
9556,18
9557,72
9558,20
9559,36
9560,56
9561,10
9562,8
9563,69
9564,64
9565,42
9566,40
9567,23
9568,6
9569,38
9570,62
9571,8
9572,6
9573,46
9574,8
9575,23
9576,40
9577,22
9578,6
9579,49
9580,36
9581,92
9582,12
9583,64
9584,34
9585,28
9586,12
9587,37
9588,40
9589,22
9590,24
9591,103
9592,10
9593,46
9594,72
9595,16
9596,82
9597,18
9598,32
9599,123
9600,5
9601,38
9602,54
9603,26
9604,2
9605,52
9606,30
9607,38
9608,110
9609,26
9610,32
9611,26
9612,14
9613,32
9614,44
9615,58
9616,66
9617,32
9618,10
9619,34
9620,22
9621,60
9622,26
9623,129
9624,5
9625,14
9626,48
9627,7
9628,36
9629,64
9630,28
9631,38
9632,26
9633,8
9634,50
9635,125
9636,34
9637,4
9638,6
9639,30
9640,44
9641,210
9642,36
9643,68
9644,16
9645,48
9646,10
9647,26
9648,42
9649,16
9650,118
9651,21
9652,22
9653,44
9654,8
9655,84
9656,81
9657,28
9658,52
9659,12
9660,12
9661,66
9662,36
9663,72
9664,46
9665,36
9666,78
9667,12
9668,30
9669,76
9670,4
9671,159
9672,13
9673,50
9674,72
9675,7
9676,16
9677,28
9678,20
9679,82
9680,21
9681,4
9682,22
9683,157
9684,8
9685,4
9686,68
9687,28
9688,20
9689,70
9690,80
9691,12
9692,4
9693,72
9694,4
9695,136
9696,50
9697,4
9698,58
9699,6
9700,4
9701,4
9702,2
9703,1
9704,2
9705,2
9706,5
9707,96
9708,2
9709,62
9710,36
9711,2
9712,202
9713,2
9714,10
9715,70
9716,16
9717,10
9718,95
9719,33
9720,2
9721,20
9722,38
9723,36
9724,2
9725,48
9726,52
9727,60
9728,34
9729,14
9730,5
9731,10
9732,18
9733,74
9734,5
9735,2
9736,6
9737,20
9738,10
9739,92
9740,104
9741,4
9742,30
9743,8
9744,18
9745,92
9746,10
9747,26
9748,6
9749,20
9750,16
9751,26
9752,106
9753,24
9754,130
9755,30
9756,14
9757,16
9758,73
9759,22
9760,154
9761,18
9762,48
9763,90
9764,6
9765,10
9766,61
9767,29
9768,2
9769,12
9770,16
9771,10
9772,8
9773,34
9774,56
9775,62
9776,26
9777,54
9778,50
9779,18
9780,36
9781,10
9782,21
9783,8
9784,122
9785,36
9786,52
9787,8
9788,40
9789,16
9790,74
9791,14
9792,20
9793,126
9794,37
9795,30
9796,8
9797,46
9798,12
9799,60
9800,30
9801,2
9802,33
9803,16
9804,38
9805,72
9806,10
9807,34
9808,46
9809,30
9810,14
9811,52
9812,12
9813,10
9814,112
9815,45
9816,26
9817,58
9818,12
9819,14
9820,42
9821,8
9822,114
9823,32
9824,70
9825,52
9826,23
9827,14
9828,52
9829,14
9830,83
9831,24
9832,166
9833,8
9834,10
9835,196
9836,28
9837,6
9838,44
9839,13
9840,16
9841,30
9842,33
9843,28
9844,48
9845,16
9846,18
9847,81
9848,32
9849,30
9850,217
9851,4
9852,14
9853,24
9854,5
9855,12
9856,22
9857,46
9858,18
9859,66
9860,32
9861,4
9862,166
9863,14
9864,10
9865,40
9866,37
9867,16
9868,128
9869,8
9870,112
9871,49
9872,40
9873,42
9874,17
9875,54
9876,4
9877,34
9878,58
9879,30
9880,42
9881,4
9882,116
9883,20
9884,30
9885,8
9886,61
9887,22
9888,26
9889,60
9890,80
9891,4
9892,20
9893,4
9894,94
9895,70
9896,4
9897,4
9898,59
9899,4
9900,2
9901,1
9902,2
9903,34
9904,2
9905,2
9906,134
9907,60
9908,2
9909,131
9910,2
9911,12
9912,104
9913,24
9914,80
9915,56
9916,8
9917,32
9918,56
9919,50
9920,2
9921,190
9922,38
9923,12
9924,46
9925,2
9926,66
9927,12
9928,20
9929,38
9930,36
9931,36
9932,8
9933,140
9934,11
9935,28
9936,74
9937,59
9938,18
9939,56
9940,2
9941,100
9942,37
9943,12
9944,32
9945,6
9946,116
9947,16
9948,56
9949,49
9950,2
9951,22
9952,30
9953,82
9954,74
9955,36
9956,34
9957,57
9958,24
9959,28
9960,72
9961,27
9962,4
9963,84
9964,14
9965,16
9966,4
9967,6
9968,56
9969,17
9970,14
9971,46
9972,46
9973,42
9974,8
9975,38
9976,18
9977,28
9978,68
9979,100
9980,8
9981,35
9982,52
9983,14
9984,146
9985,37
9986,34
9987,8
9988,14
9989,30
9990,22
9991,98
9992,32
9993,65
9994,16
9995,10
9996,100
9997,42
9998,8
9999,46
10000,2
